10 27
00000000100000000100000000
00000000100000000100000000
00000000100000000100000000
00000000100000000100000000
00000000000000000000000000
00000000100000000100000000
00000000100000000100000000
00000000100000000100000000
00000000100000000100000000
00000000100000000100000000
00000000100000000100000000
00000000100000000100000000
00000000100000000100000000
00000000000000000000000000
00000000100000000100000000
00000000100000000100000000
00000000100000000100000000
00000000100000000100000000
00000000100000000100000000
00000000100000000100000000
00000000100000000100000000
00000000100000000100000000
00000000000000000000000000
00000000100000000100000000
00000000100000000100000000
00000000100000000100000000
00000000100000000100000000
000000000000000000000000000
000000000000000000000000000
000000000000000000000000000
000000000000000000000000000
000000000000000000000000000
000000000000000000000000000
000000000000000000000000000
000000000000000000000000000
111101111111101111111101111
000000000000000000000000000
000000000000000000000000000
000000000000000000000000000
000000000000000000000000000
000000000000000000000000000
000000000000000000000000000
000000000000000000000000000
000000000000000000000000000
111101111111101111111101111
000000000000000000000000000
000000000000000000000000000
000000000000000000000000000
000000000000000000000000000
000000000000000000000000000
000000000000000000000000000
000000000000000000000000000
000000000000000000000000000
