11 30
00000010010000100000000010000
00000010000000100000000010000
00000010000000100000000010000
00000010000000100000000010000
00000000000000100000000010000
00000000000000100000000010000
00000001000000000000000010000
00000001000000000000000010000
00000001000000000000000110000
00000001000000000000000110000
00000001000000000000000100000
00000001000000000000000100000
00000001000000000000000100000
00000100000000000000000100000
00000100001000000000000100000
00000100001000000100000100000
00000100001000000100000100000
00001100001000000100000100000
00001100001000000100000100000
00001001001000000100000100000
00000001001000000100000100100
00000001000000000100000000100
00000001000000000100000000100
00000001000000000100000000100
00000001000000000100000001000
00000001000000000100000001000
00000001000000000100000001000
00000000000000000100000001000
00000000000000000100000000000
00000000000000000000000000000
111111000000000000000000000000
000000000000000000000000000000
000000000000000000000000000000
000000000000000000000000000000
000000000000000000000000000000
000000000000000000000000000000
100000011111111111001111111110
000000000000000000000000000000
000001111111100000000000000000
000000000000000000000000000000
111111111000000000000000000000
000000000000000000000000000000
000000000000000000000000000000
000001110000000000000000000000
000000000000000000000001111111
000000000000000000000000000000
011111111111000000000000000000
000000000000000000000000000000
000000000111100000000000000000
000000000000000000000000000000
000000000000000000000000000000
001111111111111110000000000000
000000000000000000000000000000
000000000000000000000000000011
000000000000000000000000000000
000000000000000000000000001111
000000000000000001111100000000
000000000000000011111111111110
000000000000000000000000000000
