12 30
00000000000000000000000000000
00000000000000000000000000000
00000000000000000000000000000
00000000000000000000000000100
00000000000000000000000000100
00000000000000000000000000100
00100000000000000000000100100
00100000000000000000000100100
00100000000000000000000100100
00100100000000000000100100100
00100100000000000000100100100
00100100000000000000100100100
00100100100000000100100100100
00100100100000000100100100100
00100100100000000100100100100
00100100100100000100100100100
00100100100100000100100100100
00100100100100000100100100100
00100100100000000000100100100
00100100100000000000100100100
00100100100000000000100100100
00100100000000000000000100100
00100100000000000000000100100
00100100000000000000000100100
00100000000000000000000000100
00100000000000000000000000100
00100000000000000000000000100
00000000000000000000000000000
00000000000000000000000000000
00000000000000000000000000000
000000000000000000000000000000
000000000000000000000000000000
111111111111111111111111111000
000000000000000000000000000000
000000000000000000000000000000
000111111111111111111111000000
000000000000000000000000000000
000000000000000000000000000000
000000111111111111111000000000
000000000000000000000000000000
000000000000000000000000000000
000000000111111111000000000000
000000000000000000000000000000
000000000000000000000000000000
000000000000111000000000000000
000000000000000000000000000000
000000000000000000000000000000
000000000000111111000000000000
000000000000000000000000000000
000000000000000000000000000000
000000000111111111111000000000
000000000000000000000000000000
000000000000000000000000000000
000000111111111111111111000000
000000000000000000000000000000
000000000000000000000000000000
000111111111111111111111111000
000000000000000000000000000000
000000000000000000000000000000
