13 30
00010000000001010100010000000
00010000000001010100010000000
01000101000001000001000101000
01000101000001000001000101000
00010001010100010100010000000
00010001010100010100010000000
00010100000001000000010000010
00010100000001000000010000010
01010000010100000000000000010
01010000010100000000000000010
01010001000001000000010101010
01010001000001000000010101010
01000100000101010001010000000
01000100000101010001010000000
00010001000000000000000001010
00010001000000000000000001010
01000001010100010100010100010
01000001010100010100010100010
01000100010000000100000000000
01000100010000000100000000000
01010100000100000101010100010
01010100000100000101010100010
00010000000100000000000101000
00010000000100000000000101000
01000001010001000001010000000
01000001010001000001010000000
00000001010000000100010100000
00000001010000000100010100000
00000100010001000001010101010
00000100010001000001010101010
000000000000000000000000000000
001100000011110000110011000011
000000000000000000000000000000
001100111100000000110000001111
000000000000000000000000000000
001100110011001111111111001100
000000000000000000000000000000
000011001100111111110011111100
000000000000000000000000000000
001111110011111111001100111100
000000000000000000000000000000
000000111100000011000011000000
000000000000000000000000000000
001100110011110011111111000000
000000000000000000000000000000
000000110011111100110011111100
000000000000000000000000000000
000011110000001111111100110000
000000000000000000000000000000
001100110000001111001111110000
000000000000000000000000000000
000000110011111111110000001111
000000000000000000000000000000
000011110011001100110000001100
000000000000000000000000000000
111100111111111111001100001111
000000000000000000000000000000
110011000000111100000000000000
000000000000000000000000000000
