14 35
0001000110001010110010100000111100
1010010011010010001000001001000110
1101111010010100100010100001000001
1001000101111010111010010101101101
0111110001100101110000001001010111
0101011010000110101011110110000010
0100000110001101110110001100010100
1011100100010000101101110001111001
0100100011000100000010001101010011
0111000101011010000010100011011110
0101101000011111101001111001011000
1101000100010010010011101101100110
1010011101010000110110001010101001
0100111101111101101001011101011010
1100100111110100000010100001011110
0000100101000010011011010010110110
1011100001110010101010011101000111
0110101101000011111100011011110100
1000001101011100010111001110110100
0000011100000111100000110110100010
0010111000011010010000010000100001
1110100001110010011000110010100111
0110000101001011101100001100011100
0010101110101100011100100110000011
0001011101001000111011011001110100
1100101100010101111101111001110101
1110010010110101100011011111011001
0010010100011110001000001000010101
1101101001001000011110110111110011
0110011101010101001010101110110000
0100010011000000110010110111001111
1100101111011100100010100001011110
0110110111110000010111111101000111
1101010000011101100000100110101010
0110010101100101001011010001101100
10111110001111001010110111011000001
00110100101001010101010010111110010
00010010100001001011110110101101010
00010101110010100100111111110100100
01101010101110101010100010011001010
01010101111011001000001110010101011
00010011011010110100101101110001101
01100111111001011011100011110101100
11001110001000111111011110101001100
01101100111100000101001001100110011
00100111110101110110100100010001010
00001001100111111001100101100101101
10011000110000100101011100001001000
01011010100010101011101000110110001
00111110000101111001100011010000001
01011101010111001111001100111010101
01000110010011111100010100011001000
01101010011001000000101100000110011
11011100011110100110011111110001110
01110010111111011011110010001110111
11001100111000110101110110111101110
00010110110000110100101000110101000
01111101011100101010110011110110101
11000000001101011000101100000011100
10011110011000011000110101010110010
01011010010110010101100010001010010
00001110110000010101000101100100100
00100101011110111110010000011101100
10101010110101110101001011000010111
10010101000111010010101000101000100
00110011101101111011110111001110010
10010000000110110001011010010100000
00100110000000010110100001000010001
01001110100101100111000010110010011
