15 40
000000000000000000000000000000000000000
000000000000000000000000000000000000000
000000000000000000000000000000000000000
000000000000000000000000000000000000000
000000000000000000000000000000000000000
000000000000000000000000000000000000000
000000000000000000000000000000000000000
000000000000000000000000000000000000000
000000000000000000000000000000000000000
000000000000000000000000000000000000000
000000000000000000000000000000000000000
000000000000000000000000000000000000000
000000000000000000000000000000000000000
000000000000000000000000000000000000000
000000000000000000000000000000000000000
000000000000000000000000000000000000000
000000000000000000000000000000000000000
000000000000000000000000000000000000000
000000000000000000000000000000000000000
000000000000000000000000000000000000000
000000000000000000000000000000000000000
000000000000000000000000000000000000000
000000000000000000000000000000000000000
000000000000000000000000000000000000000
000000000000000000000000000000000000000
000000000000000000000000000000000000000
000000000000000000000000000000000000000
000000000000000000000000000000000000000
000000000000000000000000000000000000000
000000000000000000000000000000000000000
000000000000000000000000000000000000000
000000000000000000000000000000000000000
000000000000000000000000000000000000000
000000000000000000000000000000000000000
000000000000000000000000000000000000000
000000000000000000000000000000000000000
000000000000000000000000000000000000000
000000000000000000000000000000000000000
000000000000000000000000000000000000000
000000000000000000000000000000000000000
1111111111111111111111111111111111111110
0111111111111111111111111111111111111111
1111111111111111111111111111111111111110
0111111111111111111111111111111111111111
1111111111111111111111111111111111111110
0111111111111111111111111111111111111111
1111111111111111111111111111111111111110
0111111111111111111111111111111111111111
1111111111111111111111111111111111111110
0111111111111111111111111111111111111111
1111111111111111111111111111111111111110
0111111111111111111111111111111111111111
1111111111111111111111111111111111111110
0111111111111111111111111111111111111111
1111111111111111111111111111111111111110
0111111111111111111111111111111111111111
1111111111111111111111111111111111111110
0111111111111111111111111111111111111111
1111111111111111111111111111111111111110
0111111111111111111111111111111111111111
1111111111111111111111111111111111111110
0111111111111111111111111111111111111111
1111111111111111111111111111111111111110
0111111111111111111111111111111111111111
1111111111111111111111111111111111111110
0111111111111111111111111111111111111111
1111111111111111111111111111111111111110
0111111111111111111111111111111111111111
1111111111111111111111111111111111111110
0111111111111111111111111111111111111111
1111111111111111111111111111111111111110
0111111111111111111111111111111111111111
1111111111111111111111111111111111111110
0111111111111111111111111111111111111111
1111111111111111111111111111111111111110
0111111111111111111111111111111111111111
1111111111111111111111111111111111111110
0111111111111111111111111111111111111111
1111111111111111111111111111111111111110
