16 40
000001000000000000000000000000000000100
000000000000000000000000000000000000100
000000000000000000000000000000000000100
000000000000000000000000000000000000100
000000000000000000000000000000000000100
000000000000000000100000000000000000100
000000000000000000100000000000100000100
000000000000000000100000000000100000000
000100000000000000100000000000100000000
000100000000000000100000000000100000000
000100000000000000100000000000100000000
000101000000000000100000000000110000000
000101000000000000100000000000110000000
000101000000000000100000000000110000000
000101000000000000100000000000110000000
000101000000000000100000000000110000000
000101000000000000100000000000110000000
000101000000000000100000000000110000000
000101100000000000100000000000110000000
000101100000000000100000000000110000000
000001100000000000000000000000110000000
000001100000000000000000000000110000000
000000100000000000000000000000110000000
000000100000000000000000000000110000000
000000100000000000000000000000010000000
000000100000010000000000000010010000000
000000100000010000000000000010010000000
000000100000010000000000000010010000000
100000100000010000000000000010010000000
100000100000010000000000000010000000000
100000100000010000000000000010000000000
100000100000010000000000000010000010000
100000100000010000000000000010000010000
100000100000010000000000000010000010000
100000100000010000000000000010000010000
100000100000010000000000000010000010000
100000100000010000000000000010000010000
100000000000000000000000000010000010000
100000000000000000000000000000000010000
100000000000000000000000000000000000000
0000000000000000000000000000000000000000
0000000000000000000000000000000000000000
0000000000000000000000000000000000000000
0000000000000000000000000000000000000000
0000000000000000000000000000000000000000
0000011111111111111000000000000000000000
0000000000000000000000000000000000000000
0000000000000000000000000000000000000000
0000000000000000000000000000000000000000
0111111111111111111000000000000000000000
0000000000000000000000000000000000000000
0000000000000000000000000000000000000000
0000000000000000000000000000000000000000
1111111111111110000000000000000000000000
0000000000000000000000000000000000000000
0000000000000000000000000000000000000000
0000000000000000000000000000000000000000
0000000000000000000000000000000000000000
0000000000000000000000000000000000000000
0000000000000000000000000000000000000000
0000000000000000000000000000000000000000
0000000000000000000000000000000000000000
0000000001111111111111111000000000000000
0000000000000000000000000000000000000000
0000000000000000000000000000000000000000
0000000000000000000000000000000000000000
0000000000000000000000000000000000000000
0000000000000000000000001111111110000000
0000000000000000000000000000000000000000
0000000000000000000000000000000000000000
0000000000000000000000000000000000000111
0000000000000000000000000000000000000000
0000000000000000000000000000000000000000
0000000000000000000000000000000000000000
0000000000000000000000000000000000000000
0000000000000000000000000000000111111111
0000000000000000001111111111110000000000
0000000000000000000000000000000000000000
0000000000000000000000000000000000000000
