17 50
0011011001110000100001010100101011001101011011101
0101100010100111100111101001111001101001001001100
0110100110011101101010110010001010010011110010011
1011011110001010010101010111100001101111011001100
1011101111100101111000100011101110100010101101101
0111100011011110110011001110010110011101100010110
0100100011010000000000110001101010011010101101001
1011000001110101100100001101010101001111010111000
1101000000111011011000011000000100000100010001010
0101111101100000000100110101000011110100001010111
1010100001001001010000010011110100101001110110010
1100111101001110100111101010100101000010101111110
0000100000110011010000001001110100101100010111010
1110110110100101101111010010010110001110101110100
1101000101101100011101001001000100111110101110111
1111110110111111000111100001001000010101001001100
0000010000001001101001010010101100110100101011001
0011001000110010100100001101101000100010010100101
0100101111011111111101010001110101011111011011001
1011001001011011000101111011001001001000110001010
0010101011111011011110011100001100110110101100100
1101110101001100000001010101001000001001110110001
0011001001010101001001000011010100011010010101111
1011010000110101100011111001100010111000010000010
0000110010100110010110101010010100001000101110000
1011100110010111011010010100101111010110010010110
0101000010011101111001010101011011101010110100011
1110001110100010101001010000001101010100011010010
0000000011000110001111110110101110101100100011011
1010011110000100101100100011100011001110000010100
1010100101111101101101100111101011110110100011110
1100111010101100011101010101111011001111100110010
0011110101100011001101001110101101011000001100100
0001010110010111010011100110100000110010001011111
1000011000000011101000110011010110100110101101011
0011000100101001000100001100001010010000101110011
0000010001111010000010001000001100110101110101001
1011100101100010101100011110001010010100100000110
1001111111000001101010101010000101001001011101100
0110101010000000010001010101101010101111000111111
0111111101110101111010000001001011010101101100101
1000010110111100101101010100011111001001111100100
1001010011011111000110111110001110001011000110010
1010101101101001101100110111000010111100000010001
0010100000100100100101100000101011110111110110100
0011011101101111010111101001100100000100000110011
1111011111010000000110111110001101001110010010000
1110010110010001101100001001011000011000111000001
0110101001100100101111101011001100111000000011001
0000011110100010101001001100110000110010010000100
01000101000001110101011001010100100100100100100010
01100011001010000011100000110000110100110011000001
01011000111100011100010111110100100111100100111010
01000011000101100010110110001110010010000001010011
00000100001001001101100100100101001100110100110000
10000110100100101001110111000100101110100010110011
01111011110110010111011010101101101100011111000110
11001101111010100011101110110101101011001010100111
00010101110000111101101000011111000011110100100100
00011010010111110111011111010111101110110001001010
00010100101011100101010110100010110011010100000110
11110001111010000111101101000001100100111111010010
00010001011001110000001011011011001110010000100001
10011110000100101000100111110110011001111100010101
00010110011001011101010110111100110100000101010000
01001011001010000101100010101100101010111101001101
01101101111101111100101110010101101101001010100100
10101100000000000100100111011101101110000110100110
10101011011000100011100001100001011001101001101100
01101011001000110101010101001011110110110101100011
01010001100010001100011000011010110011001110101111
10000100011001011011111011110111111001000001011000
01011111011110111101010011100001110011110110010000
10100011001010000001001001011010010101111101001111
11111011111001001101010010110011000100011000111101
00100011011101111000111010011110110111110101110000
10101100111010100011011101101000000010011001110111
00011011000011010100000001111110100100110000111010
11011101011011010100010110000011010101011110100000
01011000111001011110010110010100100000101011101010
01110010100010110100101010000010101110001011000111
00100000101010001000011111000001001001010010001001
11001110010101101111110100011010110001111100110000
11011000011010010001001010010011011011110100101100
01001011110011000111110101100101001001011101000100
11011101110001011101110110101110011101011110100100
00100101100111001101101100101110111001010010011111
01110000001111000100110101010111010101111000100010
10001011011111101111011011010111101100000111001101
10100000101001101000100101100011011001010100100000
11001011000101100010111110100110101110100000111010
01101110000010000111100001110100001101110111110010
00100011011000011111010000001100010010001110011110
00111010010111010010100010011100111001110110010010
01101101110100100001000110110011100001001001011000
00001000011110011011001101011101110110001101111101
11100100000110111100101000100110010101110100111011
00001000001011010010101011001000110011111011001110
10010100000110101010010100110001110001010101110010