18 50
0100100000001001000000001000010000100001000000010
0100100000001001000000001001010000100001001000010
0100100000001001000000001001000000100001001000010
0100100100001001000000001001000000100001001000010
0100100100001001000000001001000000000011001000010
0100100100001001000000000001000000000010001000010
0000100100001001000000000001000000000010001000010
0000100100001001000000000001000000000010001000000
0000000100001001000000000001000000000010001000000
0000000100001001000010000001000000000010001000000
0000000100001001000010000001000000000010001000000
0000000100001001000010000001000000000010001000000
0000000100001001000010000001000000000010001000000
0000000100000001000010000001000000000010001000000
0001000100000001000010000001000000000000001000000
0001001100000001000000000001000000000000000000000
0001001100000001000000000001000000000000000000000
0001001100000000000000000001000000100000000000000
0001001100000000000000000000000000100000000000000
0001001100000000000000000000000000100000000000000
0001001100000000000100000000000100100000000000000
0001001100000000000100000000000100100000000000000
0001001100000000000100000000000100100000000000000
0001001100000000000100000000000100100000000000000
0000001100000000000100000000000110100000000000000
0000001100000000000100000000000110100000000000000
0001001100000000000100000000000110100000000000000
0001001100000010000100000000000110100000000000000
0001001000000010000100000000000110100000000000000
0001001000000010000100000000000110100000000000000
0001001000000010000100000000000110000000000000000
0001001000000010000100000000000110000000000000000
0001001000000010000100000000000110000000000000000
0001001000000010000100000000000110000000000000000
0001001000000010000000000000000010000000000000000
0001001000000010000000000000000010000000000000000
0001001000000010000010000000000010000000000000000
0001001000000010000010000000000010000000000000000
0001001000000010000010000000000010000000000000000
0001000000000010000010000000000000000000000000000
0001000000000010000010000000000000000000000000000
0001000000000010000010000000000000000000000000000
0001000000000010000010000000000000000000000000000
0001000000000000000010000000000000000000000000000
0001000000000000000010000000000000000000000000000
0001000000000000000010000000000000000000000000000
0001000000000000000010000000000000000000000000000
0001000000000000000010000000000000000000000000000
0001000000000000000010000000000000000000000000000
0000000000000000000000000000000000000000000000000
00000000000000000000000000000000000000000000000000
00000000000000000000000000000000000000000000000000
00000000000000000000000000000000000000000000000000
00000000000000000000000000000000000000000000000000
00000000000000000000000000000000000000000000000001
00000000000000000000000000000000000000000000000000
00000000000000000000000000000000000000000000000000
00000000000000000000000000000000000000000000000000
00000000000000000000000000000000000000000000000000
00000000000000000000000000000000000000000001111110
00000000000000000000000000000000000000000000000000
00000000000000000000000000000000000000000000000000
00000000000000000011111110000000000000000000000000
00000000000000000000000000000000000000000000000000
00000000000000000000000000000000000000000111000000
11110000000000000000000000000000000000000000000000
00000000000000000000011111111111111111111111100000
10000000000000000000000000000000000000000011111111
00000000000000000000000000000000000000000000000000
00111111111111111111100000000000000000000000000000
00000000000000000000000000000000000000000000000000
00000000000000000000000000000000000000000000000000
00000000000000000000000000000000000000000000000000
11000000000000000000000000000000000000000000000000
00000000011111111100000000000000000000000000000000
10000000000000000000001111111111111110000000000000
00000000000000000000000000000000000000000000000000
00000000000000000000000000000000000000000000000000
00000000000000000000000000000000000000000000000000
00000000000000000000000000000000000011111111111000
00000000000000000000000000000000000000000000000000
00000000000000000000000000000000000000000000000000
00000000000000000000000000000000000000000000000000
00000000000000000000000000000000000000000000000000
00000000000000000011111111111111111111111110000011
00000000000000000000000000000000000000000000000000
00000000000000000000000000000000000000000000000000
00000000000000000000000000000000000000000000000000
00000000000000000000000000000000000000000000000000
00000000000000000000000000000000000000000000000000
11111111100000000000000000000000000000000000000000
00000000000000000111111111111111111100000000000000
00000000011111110000000000000000000000000000000000
00000000000000000000000000000000000000000000000000
00000000000000000000000000000000000000000000000000
00000000000000000000000000000000000011111100000000
00000000000000000000000000000000000000000000000000
00000000000000000000000000000000000000000000000000
00000000000000000000000000000000000000000000000000
