19 100
000000000000000000000000000000000000000000000000000000000000000000000000000000000000000100000000000
000000000000000000000000000000000000000000000000000000000000000000000000000000000000000100000000000
000000000000000000000000000000000000000000000000000000000000000000000000000000000000000100000000000
000000000000000000000000000000000000000000000000000000000000000000100000000000100000000100000000000
000000000000000000000000000000000000000000000000000000000000000000100000000000100000000100000000000
000000000000000000000000000000000000000000000000000000000000000000100000000000100000000000000000000
000000000000000000000000000000000000000000000000000000000000000000100000000000100000000000000000000
000000000000000000000000000000000000000000000000000000000000000000100000000000100000000000000000000
100000000000000000000000000000000000000000000000000000000000000000100000000000100000000000000000000
100000000000000000000000000000000000000000000000000000000000000000100000000000100000000000000000000
100000000000000000000000000000000000000000000000000000000000000000100000000000100000000000000000000
100000000000000000000000000000000000000000000000000000000000000000100000000000100000000000000000000
100000000000000000000000000000000000000000000000000000000000000000100000000000100000000000000000000
100000000000000000000000000000000000000000000000000000000000000000100000000000100000000000000000000
100000000000000000000000000000000000000000000000000000000000000000100000000000100000000000000000000
100000000000000000000000000000000000000000000000000000000000000000100000000000100000000000000000000
100000000000000000000000000000000000000000000000000000000000000000100000000000100000000000000000000
100000000000000000000000000000000000000000000000000000000000000000100000000000100000000000000000000
100000000000000000000000000000000000000000000000000000000000000000100000000000100000000000000000000
100000000000000000000000000000000100000000000000000000000000000000000000000000100000000000000000000
100000000000000000000000000000000100000000000000000000000000000000000000000000100000000000000000000
100000000000000000000000000000000100000000000000000000000000000000000000000000100000000000100000000
100000000000000000000000000000000100000000000000100000000000000000000000000000100000100000100000000
100000000000000000000000000000000100000000000000100000000000000000000000000000100000100000100000000
100000000000000000000000000000000100000000000000100000000000000000000000000000000000100000100000000
100000000000000000000000000000000100000000000000100000000000000000000000000000000000100000100000000
100000000000000000000000000000000100000000000000100000000000000000000000000000000000100000100000000
100000000000000000000000000000000100000000000000100000000000000000000000000000000000100000100000000
100000000000000000000000000000000100000000000000100000000000000000000000000000000000100000100000000
100000000000000000000000000000000100000000000000100000100000000000000000000000000000100000100000000
100000000000000000000000000000000100000000000000100000100000000000000000000000000000100000100000000
000000000000000000000000000000000100000000000000100000100000000000000000000000000000100000000000000
000000000000000000000000000000000100000000000000100000100000000000000000000000000000100000000000000
000000000000000000000000000000000100000000000000100000100000000000000000000000000000100000000000000
000000000000000000000000000000000100000000000000100000100000000000000000000000000000100000000000000
000000000000000000000000000000000100000000000000100000100000000000000000000000000000100000000000000
000000000000000000000000000000000100000000000000100000100000000000000000000000000000100000000000000
000000000000000000000000000000000100000000000000100000100000000000000000000000000000100000000000000
000000000000000000000000000000000100000000000000100000100000000000000000000000000000100000000000000
000000000000000000000000000000000100000000000000100000100000000000000000000000000000100000000000000
000000000000000000000000000000000100000000000000100000100000000000000000000000000000100000000000000
000000000000000000000000000000000100000000000000100000100000000000000000000000000000100000000000000
000000000000000000000000000000000100000000000000100000100000000000000000000000000000100000000000000
000000000000000000000000000000000100000000000000100000100000000000000000000000000000100000000000000
000000000000000000000000000000000100000000000000100000100000000000000000000000000000100000000000000
000000000000000000000000000000000100000000000000100000100000000000000000000000000000100000000000000
000000000000000000000000000000000100000000000000100000100000000000000000000000000000000000000000000
000000000000000000000000000000000100000000000000100000100000000000000000000000000000000000000000000
000000000000000000000000000000000100000000000000100000100000000000000000000000000000000000000000000
000000000000000000000000000000000100000000000000100000100000000000000000000000000000000000000000000
000000000000000000000000000000000100000000000000100000100000000000000000000000000000000000000000000
000000000000000000000000000000000100000000000000100000100000000000000000000000000000000000000000000
000000000000000000000000000000000100100000000000100000100000000000000000000000000000000000000000000
000000000000000000000000000000000000100000000000100000100000000000000000000000000000000000000000100
000000000000000000000000000000000000100000000000100000100000000000000000000000000100000000000000100
000000000000000000000000000000100000100000000000100000100000000000000000000000000100000000000000100
000000000000000000000000000000100000100000000000100000100000000000000000000000000100000000000000100
000000000000000000000000000000100000100000000000100000100000000000000000000000100100000000000000100
000000000000000000000000000000100000100000000000100000100000000000000000000000100100000000000000100
000000000000000000000000000000100000100000000000100000100000000000000000000000100100000000000000100
000000000000000100000000000000100000100000000000100000100000000000000000000000100100000000000000100
000000000000000100000000000000100000100000000000100000100000000000000000000000100000000000000000100
000000000000000100000000000000100000100000000000100000100000000000000000000000100000000000000000100
000000000000000100000000000000100000100000000000100000100000000000000000000000100000000000000000100
000000000000000100000000000000100000100000000000100000100000000000000000000000100000000000000000100
000000000000000100000000000000100000100000000100100000100000000000000000000000100000000000000000100
000000000000000100000000000000100000100000000100100000100000000000000000000000100000000000000000100
000000000000000000000000000000100000100000000100100000100000000000000000000000100000000000000000000
000000000000000000000000000000100000000000000100100000000000000000000000000000100000100000000000000
000000000000000000000100000000100000000000000100100000000000000000000000000000100000100000000000000
000000000000000000000100000000100000000000000100000000000000000000000000000000100000100000000000000
000000000000000000000100000000100000000000000100000000000000000000000000000000100000100000000000000
000000000000000000000100000000100000000000000100000000000000000000000000000000100000100000000000000
000000000000000000000100000000000000000000000100000000000000000000000000000000100000100000000000000
000000000000000000000100000000000000000000000100000000000000000000000000000000100000100000000000000
000000000000000000000100000000000000000000000100000000000000000000000000000000000000100000000000000
000000000000000000000100000000000000000000000100000000000000000000000000000000000000100000000000100
000000000000000000000100000000000000000000000100000000000000000000000000000000000000100000000000100
000000000000000000000100000000000000000000000100000000000000000000000000000000000000100000000000100
000000000000000000000100000000000000000000000100000000000000000000000000000000000000100000000000100
000000000000000000000100000000000000000000000100000000000000000000000000000000000000100000000000100
000000000000000000000100000000000000000000000100000000000000000000000000000000000000100000000000100
000000000000000000000100000000000000000000000100000000000000000000000000000000000000100000000000100
000000000000000000000100000000000000000000000100000000000000000000000000000000000000100000000000100
000000000000000000000100000000000000000000000100000000000000000000000000000000000000100000000000100
000000000000000000000100000000000000000000000100000000000000000000000000000000000000100000000000100
000000000000000000000100000000000000000000000100000000000000000000000000000000000000100000000000100
000000000000000000000100000000000000000000000100000000000000000000000000000000000000100000000000100
000000000000000000000100000000000000000000000100000000000000000000000000000000000000100000000000100
000000000000000000000100000000000000000000000100000000000000000000000000000000000000100000000000100
000000000000000000000100000000000000000000000100000000000000000000000000000000000000100000000000100
000000000000000000000100000000000000000000000100000000000000000000000000000000000000100000000000100
000000000000000000000100000000000000000000000100000000000000000000000000000000000000100000000000000
100000000000000000000100000000000000000000000100000000000000000000000000000000000000000000000000000
100000000000000000000100000000000000000000000100000000100000000000000000000000000000000000000000000
100000000000000000000100000000000000000000000000000000100000000000000000000000000000000000000000000
000000000000000000000100000000000000000000000000000000100000000000000000000000000000000000000000000
000000000000000000000100000000000000000000000000000000100000000000000000000000000000000000000000000
000000000000000000000100000000000000000000000000000000000000000000000000000000000000000000000000000
000000000000000000000000000000000000000000000000000000000000000000000000000000000000000000000000000
0000000000000000000000000000000000000000000000000000000000000000000000000000000000000000000000000000
0000000000000000000000000000000000000000000000000000000000000000000000000000000000000000000000000000
0000000000000000000000000000000000000000000000000000000000000000000000000000000000000000000000000000
0000000000000000000001111111111110000000000000000000000000000000000000000000000000000000000000000000
0000000000000000000000000000000000000000000000000000000000000000000000000000000000000000000000000000
0000000000000000000000000000000000000000000000000000000000000000000000000000000000000000000000000000
1111111100000000000000000000000000000000000000000000000000000000000000000000000000000000000000000000
0000000000000000000000000000000000000000000000000000000000000000000000000000000000000000000000000000
0000000000000000000000000000000000000000000000000000000000000000000000000000000000000000000000000000
0000000000000000000000000000000000000011111111111111111111111111111111111111111111111000000000000000
0000000000000000000000000000000000000000000000000000000000000000000000000000000000000000000000000000
0000000000000000000000000000000000000000000000000000000000000000000000000000000000000000000000000000
0000000000000000000000000000000000000000000000000000000000000000000000000000000000000000000000000000
0000000000000000000000000000000000000000000000000000000000000000000000000000000000000000000000000000
0000000000000000000000000000000000000000000000000000000000000000000000000000000000000000000000000000
0000000000000000111111111111111111111111111111111111111111111110000000000011111111111111111111111111
0000000000000000000000000000000000000000000000000000000000000000000000000000000000000000000000000000
0000000000000000000000000000000000000000000000000000000000000000000000000000000000000000000000000000
0000000000000000000000000000000000000000000000000000000000000000000000000000000000000000000000000000
0000000000000000000000000000000000000000000000000000000000000000000000000000000000000000000000000000
0000000000000000000000000000000000000000000000000000000000000000000000000000000000000000000000000000
0011111111111111111111111111111110000000000000000000000000000000000000000000000000000000000000000000
0000000000000000000000000000000000000000000000000000000000000000000000000000000000000000000000000000
0000000000000000000000000000000000000000000000000000000000000000000000000000000000000000000000000000
0000000000000000000000000000000000000000000000000000000000000000000001111111111111111111111000000000
0000000000000000000000000000000000000000000000000000000000000000000000000000000000000000000000000000
0000000000000000000000000000000000000000000000000000000000000000000000000000000000000000000000000000
0000000000000000000000000000000000000000000000000000000000000000000000000000000000000000000000000000
0000000000000000000000000000000000000000000000000000000000000000000000000000000000000000000000000000
0000000000000000000000000000000000000000000000000000000000000000000000000000000000000000000000000000
0000000000000000000000000000000000000000000000000000000000000000000000000000000000000000000000000000
0000000000000000000000000000000000000000000000000000000000000000000000000000000000000000000000000000
0000000000000000000000000000000000000000000000000000000000000000000000000000000000000000000000000000
0000000000000000000000000000000000000000000000000000000000000000000000000000000000000000000000000000
0000000000000000000000000000000000000000000000000000000000000000000000000000000000000000000000000000
0000000000000000000000000000000000000000000000000000000000000000000000000000000000000000000000000000
0000000000000000000000000000000000000000000000000000000000000000000000000000000011111111111111111111
0000000000000000000000000000000000000000000000000000000000000000000000000000000000000000000000000000
0000000000000000000000000000000000000000000000000000000000000000000000000000000000000000000000000000
0000000000000000011100000000000000000000000000000000000000000000000000000000000000000000000000000000
0000000000000000000000000000000000000000000000000000000000000000000000000000000000000000000000000000
0000000000000000000000000000000000000000000000000000000000000000000000000000000000000000000000000000
0000000000000000000000011111111111111111111110000000000000000000000000000000000000000000000000000000
0000000000000000000000000000000000000000000000000000000000000000000000000000000000000000000000000000
0000000000000000000000000000000000000000000000000000000000000000000000000000000000000000000000000000
0000000000000000000000000000000000000000000000000000000000000000000000000000000000000000000000000000
0000000000000000000000000000000000000000000000000000000000000000000000000000000000000000000000000000
0000000000000000000000000000000000000000000000000000000000000000000000000000000000000000000000000000
0000000000000000000000000000000000000000000000000001111111111000000000000000000000111111111111111111
0000000000000000000000000000000000000000000000000000000000000000000000000000000000000000000000000000
0000000000000000000000000000000000000000000000000000000000000000000000000000000000000000000000000000
0000000000000000000000000000000000000000000000000000000000000000111111111111111111111111111111111111
0000000000000000000000000000000000000000000000000000000000000000000000000000000000000000000000000000
0000000000000000000000000000000000000000000000000000000000000000000000000000000000000000000000000000
1111100000000000000000000000000000000000000000000000000000000000011111111110000000000000000000000000
0000000000000000000000000000000000000000000000000000000000000000000000000000000000000000000000000000
0000000000000000000000000000000000000000000000000000000000000000000000000000000000000000000000000000
1111000000000000000000000000000000000000000000000000000000000000000000000000000000000000000000000000
0000000000000000000000000000000000000000000000000000000000000000000000000000000000000000000000000000
0000000000000000000000000000000000000000000000000000000000000000000000000000000000000000000000000000
0000000000000000000000000000000000000000000000000000000000000000000000000000000000000000000000000000
0000000000000000000000000000000000000000000000000000000000000000000000000000000000000000000000000000
0000000000000000000000000000000000000000000000000000000000000000000000000000000000000000000000000000
1111111111111111111111111111100000000000000000000000000000000000000000000000000000000000000000000000
0000000000000000000000000000000000000000000000000000000000000000000000000000000000000000000000000000
0000000000000000000000000000000000000000000000000000000000000000000000000000000000000000000000000000
0000000000000000000000000000000000000000000000000000000000000000000000000000000000000000000000000000
0000000000000000000000000000000000000000000000000000000000000000000000000000000000000000000000000000
0000000000000000000000000000000000000000000000000000000000000000000000000000000000000000000000000000
0000000000000000000000000000000000000000000000000000000000000000000000000000000000000000000000000000
0000000000000000000000000000000000000000000000000000000000000000000000000000000000000000000000000000
0000000000000000000000000000000000000000000000000000000000000000000000000000000000000000000000000000
0000000000000000000000000000000000000000000000000000000000000000000000000000000000000000000000000000
0000000000000000000000000000000000000000000000000000000000000000000000000000000000000000000000000000
0000000000000000000000000000000000000000000000000000000000000000000000000000000000000000000000000000
0000000000000000000000000000000000000000000000000000000000000000000000000000000000000000000000000000
0000000000000000000000000000000000000000000000000000000000000000000000000000000000000000000000000000
0000000000000000000000000000000000000000000000000000000000000000000000000000000000000000000000000000
0000000000000000000000000000000000000000000000000000000000000000000000000000000000000000000000000000
0000000000000000000000000000000000000000000000000000000000000000000000000000000000000000000000000000
0000000000000000000000000000000000000000000000000000000000000000000000000000000000000000000000000000
0000000000000000000000000000000000000000000000000000000000000000000000000000000000000000000000000000
0000000000000000000000000000000000000000000000000000000000000000000000000000000000000000000000000000
0000000000000000000000000000000000000000000000000000000000000000000000000000000000000000000000000000
0111111111111111111111111111111000000000000000000000000000000000000000000000000000000000000000000000
0000000000000000000000000000000000000000000000000000000000000000000000000000000000000000000000000000
0000000000000000000000000000000000000000000000000000000000000000000000000000000000000000000000000000
0000000000000000000000000000000000000000000000000000111111111111111110000000000000000000000000000000
0000000000000000000000000000000000000000000000000000000000000000000000000000000000000000000000000000
0000000000000000000000000000000000000000000000000000000000000000000000000000000000000000000000000000
0000000000000000000000000000000000000000000000000000000000000000000000000000000000000000000000000000
0000000000000000000000000000000000000000000000000000000000000000000000000000000000000000000000000000
0000000000000000000000000000000000000000000000000000000000000000000000000000000000000000000000000000
0000000000000000000000000000000000011111111111111111111111111110000000000000000000000000000000000000
0000000000000000000000000000000000000000000000000000000000000000000000000000000000000000000000000000
0000000000000000000000000000000000000000000000000000000000000000000000000000000000000000000000000000
0000000000000000000000000000000000000000000000000000000000000000000000000000000000000000000000000000
0000000000000000000000000000000000000000000000000000000000000000000000000000000000000000000000000000
0000000000000000000000000000000000000000000000000000000000000000000000000000000000000000000000000000
