4 19
001000010011001110
100000100000100000
000000000000000001
010000000000011010
000000000000000010
100010110000010101
001000101100011000
000000100100000000
000000010001000100
001001000010000000
000100001000010000
001101000000000100
000000010101010000
000000100000010001
011010001000000000
001001110100010100
000010011001000000
001000010110100001
100100000000000000
1000110000000000000
0000000100000000010
0000100001000100000
0001000101000001000
0111001010100001010
0000000000000110000
0000100001000000010
0010100000001011001
0101010000000000000
0000110101001001001
1000000000000001010
0101101000000110010
0000000000000001001
0000110011100011010
0000001000000000000
0001000010011100000
1101000000100101010
0110001001000101100
