5 20
1010000000000000000
1010000000000000000
1010000000000000100
1000000001000000100
0001000001000000100
0001000001000000100
0001000001000000100
0001010001010000100
0001010000010000100
0001010000010000000
0001010000010000000
0001010000001000000
0001000010001000000
0011000010001000000
0011000010001000000
0011000010001000000
0010000010001000000
0000000000000000000
0000000000000000000
0000000000000000000
00000000000000001111
00000000000000000000
00000000000000000000
00000000000000000001
00000000000000000011
00000000000000000000
00000000000000000000
00000000000000000000
01111100000000000000
00000000000000000000
00000000000000000000
00000000000000000000
00000000000001111111
00000000111111110000
00000000000000000000
00000000000000000000
11111000000000000000
00000000000000000000
00000000011111111000
