7 20
1010000010011010011
1100110100101100110
0010010111010101011
1101111001001101011
0101000011010001001
0101100010010111001
1110111000110110010
1101001001000001110
0000110110111100000
1101110000011110011
0000000110010001111
1101110100011010011
0110001111001000001
0101001100001011111
0110100010011010110
0101010110111001000
1000010001101001101
0101011010100100111
1010100110010001001
0101001100101011000
00111010111000001000
00001110100000111110
10010000001101011000
00011011011110100100
01010101100101001010
10101001001001111100
01011011101110010110
00100010101010010010
10100011010100110100
01111110110100011000
00101101011001110000
11110001101100101111
01001010001010100000
10110100111001111010
01010101001000110101
01010111010010111100
01100101010100010000
10011101111011010010
00100100010010100111