9 25
000100000000000000000000
000000010000000000001000
000000000000000000001000
010000000000000010000000
000000100000000000000000
000000000010101010000100
000000100000000000100000
000000100000000000100000
000100010000100100001001
000000000000000000000000
000000100000000000000010
000100000000000000000000
000000000010000010000000
000000000100100000000000
000000000000000010000100
010000000000100000000000
000000000000100101000100
000001000100010000000000
010000000000000000100000
000011010100100001010000
000000000000000000000000
001001000000010000000000
000000001001001000000000
000000000000100001000000
000000000000000000001001
0010010000000000001000000
0000000000000001000000000
0000000000010010011100001
0001011000000000000010000
0000000000000000000100000
0001010000000000000000000
0001000010010010000101000
0010000000000000000000000
0001000101000000001000000
0010010100000010000001000
0000001000000001001110000
0000000111011000000000000
0000000000000010001000000
0010000100000010000100000
0000000000100010000000000
0000000001000000000000000
1000001100000000000010000
0000000000000000000100100
0000000010001100000000000
0000000100000000010000000
0011110000000000001000000
0000000000000000000001000
0000010001100000000000001
0000001001000000001000000
