4 19
001000010011001110
100000100000100000
000000000000000001
010000000000011010
000000000000000010
100010110000010101
001000101100011000
000000100100000000
000000010001000100
001001000010000000
000100001000010000
001101000000000100
000000010101010000
000000100000010001
011010001000000000
001001110100010100
000010011001000000
001000010110100001
100100000000000000
1000110000000000000
0000000100000000010
0000100001000100000
0001000101000001000
0111001010100001010
0000000000000110000
0000100001000000010
0010100000001011001
0101010000000000000
0000110101001001001
1000000000000001010
0101101000000110010
0000000000000001001
0000110011100011010
0000001000000000000
0001000010011100000
1101000000100101010
0110001001000101100
258 239 349 120 314 13 261 82 245 103 210 119 158 211 340 81 143 165 206
43 192 205 309 341 159 323 224 286 203 244 114 74 226 18 22 136 348 39
268 76 313 17 264 209 19 91 179 181 216 358 161 331 70 186 160 222 123
51 102 329 345 157 171 118 278 84 66 357 299 89 223 144 128 182 34 270
352 276 130 90 156 99 232 97 298 88 109 238 339 360 199 141 111 56 24
214 228 263 175 134 173 148 44 83 253 55 303 234 27 249 140 174 319 266
180 235 163 105 86 168 35 215 292 5 259 184 167 197 275 320 178 302 296
21 46 289 318 198 98 150 107 267 219 146 110 191 338 343 243 16 68 194
79 142 262 271 272 256 248 212 162 237 28 153 322 295 213 324 154 78 37
277 95 12 285 327 101 129 121 73 54 242 287 321 252 67 193 337 147 240
108 185 94 80 36 49 6 250 71 315 246 196 170 100 106 350 300 189 2
353 124 53 294 230 29 149 308 145 333 92 332 52 126 217 221 307 87 15
45 301 311 312 330 164 183 14 310 48 26 65 72 187 293 255 96 63 233
127 20 138 115 57 117 297 236 291 306 47 342 176 61 58 69 280 281 155
207 305 131 334 316 356 116 113 204 122 33 151 254 241 344 251 326 7 42
125 41 288 64 4 279 290 304 77 328 346 354 23 132 38 202 190 195 336
62 220 247 265 273 93 260 9 135 112 1 152 359 177 274 201 269 137 60
8 32 355 284 257 104 3 169 30 31 75 133 347 351 325 335 218 317 172
10 25 85 229 40 166 282 283 225 231 59 11 50 188 227 139 361 208 200
