5 20
1010000000000000000
1010000000000000000
1010000000000000100
1000000001000000100
0001000001000000100
0001000001000000100
0001000001000000100
0001010001010000100
0001010000010000100
0001010000010000000
0001010000010000000
0001010000001000000
0001000010001000000
0011000010001000000
0011000010001000000
0011000010001000000
0010000010001000000
0000000000000000000
0000000000000000000
0000000000000000000
00000000000000001111
00000000000000000000
00000000000000000000
00000000000000000001
00000000000000000011
00000000000000000000
00000000000000000000
00000000000000000000
01111100000000000000
00000000000000000000
00000000000000000000
00000000000000000000
00000000000001111111
00000000111111110000
00000000000000000000
00000000000000000000
11111000000000000000
00000000000000000000
00000000011111111000
345 5 193 86 143 230 188 6 323 381 182 213 178 101 123 288 385 232 45 205
170 21 121 314 329 173 135 13 266 119 222 11 226 344 293 73 283 270 325 301
96 316 172 67 125 366 273 168 326 334 95 184 20 221 276 163 370 294 340 393
161 373 88 262 235 24 72 22 52 110 377 225 215 249 259 112 50 217 357 391
103 343 44 31 153 139 258 354 142 156 324 332 56 157 166 207 285 165 196 40
263 359 4 223 212 216 336 34 140 321 75 43 237 260 115 54 227 384 296 68
155 3 61 261 199 355 183 243 268 346 210 376 108 367 304 311 99 331 278 141
194 122 211 2 138 190 348 272 8 41 374 133 47 220 116 320 164 136 364 256
387 229 71 198 231 287 358 257 30 132 76 1 129 55 66 267 80 10 242 390
7 107 236 280 69 265 63 264 298 105 79 120 318 33 281 386 203 195 92 158
14 174 290 277 147 255 146 82 35 32 208 333 42 64 247 279 102 17 87 114
305 269 286 335 214 240 395 206 53 351 228 16 144 398 200 81 57 394 371 399
89 191 383 91 292 246 309 131 109 150 18 117 284 62 310 204 356 241 100 353
37 349 250 341 306 368 271 93 396 375 60 300 134 65 342 330 38 106 51 154
347 388 233 180 299 171 152 239 179 70 322 389 145 113 177 308 312 124 378 23
369 176 362 328 128 111 319 49 400 275 361 350 192 317 248 209 39 360 19 218
130 78 26 46 253 185 97 28 77 12 295 148 104 307 282 126 149 327 9 160
36 58 392 380 186 337 27 187 159 274 90 48 372 219 175 382 162 15 151 338
83 379 85 181 29 94 363 254 25 98 315 169 127 137 59 84 303 189 167 289
224 339 234 297 202 252 118 313 245 302 74 365 238 291 201 352 397 197 244 251
