7 20
1010000010011010011
1100110100101100110
0010010111010101011
1101111001001101011
0101000011010001001
0101100010010111001
1110111000110110010
1101001001000001110
0000110110111100000
1101110000011110011
0000000110010001111
1101110100011010011
0110001111001000001
0101001100001011111
0110100010011010110
0101010110111001000
1000010001101001101
0101011010100100111
1010100110010001001
0101001100101011000
00111010111000001000
00001110100000111110
10010000001101011000
00011011011110100100
01010101100101001010
10101001001001111100
01011011101110010110
00100010101010010010
10100011010100110100
01111110110100011000
00101101011001110000
11110001101100101111
01001010001010100000
10110100111001111010
01010101001000110101
01010111010010111100
01100101010100010000
10011101111011010010
00100100010010100111
267 310 291 262 224 199 58 95 21 8 20 14 233 187 274 75 43 181 248 165
370 64 36 51 11 146 94 202 68 207 293 235 96 212 170 383 389 282 295 114
400 231 373 358 100 387 117 30 356 121 27 153 103 349 48 365 379 154 73 390
55 32 70 9 17 386 245 388 372 182 161 338 111 301 367 172 15 205 260 238
312 193 128 350 380 363 197 239 289 214 246 1 348 5 230 265 119 42 150 137
321 206 347 308 38 106 277 215 74 242 398 273 6 279 24 278 296 28 90 247
129 152 59 228 355 319 184 298 343 175 149 120 290 353 371 56 130 2 63 331
225 174 309 189 168 41 192 220 157 77 351 261 329 31 67 72 266 352 65 200
76 294 210 302 392 376 37 258 297 60 84 299 360 255 229 375 330 26 354 7
264 4 47 25 364 3 314 287 257 203 374 236 368 218 35 79 171 104 112 139
16 108 357 186 160 33 173 109 221 323 127 318 219 147 183 369 311 324 288 145
334 222 148 303 269 304 110 366 49 283 69 201 163 54 102 178 46 306 166 359
180 263 179 377 99 190 281 80 29 85 240 362 191 325 88 286 169 135 208 394
305 344 133 176 397 123 307 335 122 342 382 61 142 251 244 361 18 144 115 385
326 237 209 126 332 40 155 196 138 23 66 327 50 381 39 328 271 395 132 336
317 131 313 232 158 226 134 93 156 188 141 177 140 87 396 91 223 81 118 92
292 105 252 250 256 399 52 89 45 346 136 345 337 315 217 216 284 71 227 12
341 340 98 164 320 83 124 300 185 243 316 194 13 275 167 22 97 19 198 268
143 378 391 211 254 116 86 234 57 113 78 159 195 82 101 253 280 125 204 44
249 34 339 107 393 241 384 272 270 322 259 276 162 151 53 285 213 333 10 62
