8 20
0000000001000000000
0000000001000000000
0000000001000000000
0000000001000000000
0000000001000000000
0000000001000000000
0000000000000000000
0000000000000010000
0000000000000010000
0000000000000010000
0000000000000000000
0000000000000000000
0000000000000000000
0000000000000000000
0000000000000000000
0000000010000000000
0000000010000000000
0000000010000000000
0000000010000000000
0000000010000000000
00000000000000000000
00000000000000000000
00000000000000000000
00000000000000000000
00000000000000000000
00000111110000000000
00000000000000011111
00000000000000000000
00000000000000000000
00000000000001100000
00000000000000000000
11111000000000000000
00000000000000000000
00000000000000000000
00000000011111000000
00000000000000000000
00000000000000000000
00000000000000000000
00000000000000000000
174 287 134 3 74 331 301 284 129 383 291 184 66 163 373 123 343 112 342 48
215 28 231 208 104 36 266 400 133 250 126 194 120 165 143 115 88 252 195 20
360 60 333 97 314 145 59 239 21 303 101 142 150 277 357 229 295 202 233 70
388 346 87 92 273 149 158 34 106 35 1 156 370 216 341 317 68 47 166 219
78 189 226 206 238 244 377 205 397 279 138 105 271 96 234 164 111 7 61 86
376 262 49 299 316 288 55 113 240 52 80 214 46 222 338 15 204 140 62 358
40 93 170 228 399 282 241 57 212 176 84 363 139 283 329 359 249 236 178 321
122 330 177 44 25 390 334 308 260 372 23 51 146 221 125 185 30 368 364 382
12 90 369 347 157 256 280 322 4 209 99 181 253 352 14 58 199 257 131 306
186 274 148 152 73 381 130 281 246 109 155 276 243 259 349 127 371 83 32 293
230 361 76 41 207 304 196 121 65 278 311 69 6 159 391 31 319 37 344 320
95 190 161 141 162 300 64 39 379 213 324 75 168 173 362 5 394 292 263 232
201 191 50 42 305 77 10 387 398 91 193 81 187 108 237 225 315 197 136 119
269 312 56 135 337 286 385 137 203 153 67 16 254 2 309 124 9 348 378 147
268 200 85 175 180 351 375 107 218 79 71 389 350 171 8 220 211 53 323 395
325 192 310 82 255 43 182 245 24 251 258 392 302 272 264 365 151 102 367 235
128 297 396 335 98 356 307 384 326 275 328 72 179 172 247 393 298 336 160 354
11 227 183 103 296 353 380 188 313 26 261 116 18 223 17 13 327 33 289 144
217 374 169 290 22 29 38 117 267 294 386 19 248 285 110 340 89 270 167 339
332 224 366 210 94 114 132 100 45 63 118 345 355 318 265 242 198 27 154 54
