10 27
00000000100000000100000000
00000000100000000100000000
00000000100000000100000000
00000000100000000100000000
00000000000000000000000000
00000000100000000100000000
00000000100000000100000000
00000000100000000100000000
00000000100000000100000000
00000000100000000100000000
00000000100000000100000000
00000000100000000100000000
00000000100000000100000000
00000000000000000000000000
00000000100000000100000000
00000000100000000100000000
00000000100000000100000000
00000000100000000100000000
00000000100000000100000000
00000000100000000100000000
00000000100000000100000000
00000000100000000100000000
00000000000000000000000000
00000000100000000100000000
00000000100000000100000000
00000000100000000100000000
00000000100000000100000000
000000000000000000000000000
000000000000000000000000000
000000000000000000000000000
000000000000000000000000000
000000000000000000000000000
000000000000000000000000000
000000000000000000000000000
000000000000000000000000000
111101111111101111111101111
000000000000000000000000000
000000000000000000000000000
000000000000000000000000000
000000000000000000000000000
000000000000000000000000000
000000000000000000000000000
000000000000000000000000000
000000000000000000000000000
111101111111101111111101111
000000000000000000000000000
000000000000000000000000000
000000000000000000000000000
000000000000000000000000000
000000000000000000000000000
000000000000000000000000000
000000000000000000000000000
000000000000000000000000000
510 42 483 151 705 259 186 90 427 38 15 428 688 506 529 593 415 563 429 350 499 521 411 3 249 646 123
255 261 363 194 369 233 89 237 43 131 613 675 548 437 502 604 518 665 239 686 546 331 256 587 263 567 489
121 306 293 597 356 4 351 550 271 573 266 338 488 275 651 248 341 83 128 699 575 33 391 268 371 17 114
401 654 14 594 221 198 108 155 708 678 579 304 645 434 687 663 542 332 260 410 86 534 8 204 511 154 394
274 224 73 288 538 269 598 212 702 315 158 376 621 220 541 468 272 319 668 196 720 520 343 552 283 74 490
466 242 254 184 129 134 245 464 317 519 574 284 505 95 591 209 590 96 373 451 340 106 217 76 701 235 57
9 294 247 177 232 278 508 296 325 51 382 481 91 291 537 63 231 153 513 566 133 729 375 722 424 672 110
615 606 1 724 515 556 69 445 240 36 160 252 53 358 222 229 77 24 346 280 84 612 423 215 386 55 564
453 459 480 661 611 432 462 285 223 199 431 512 138 61 286 379 657 206 641 93 707 330 419 404 31 144 514
691 119 387 472 389 349 648 485 94 603 402 440 163 418 719 48 333 150 165 690 132 585 27 649 173 193 297
443 47 310 405 408 159 592 75 342 676 149 277 279 380 370 714 226 383 543 367 99 352 580 276 13 290 281
79 258 666 187 64 125 166 417 192 78 251 581 438 384 210 634 553 586 582 62 517 326 113 628 190 694 364
642 430 674 609 727 449 658 616 559 652 570 22 362 695 455 72 102 643 101 92 250 677 175 596 230 561 197
60 167 26 216 112 34 303 479 555 637 422 655 225 161 494 227 301 265 670 324 20 619 354 16 292 299 308
357 524 318 25 679 103 365 639 610 446 228 135 571 412 105 309 698 361 471 454 640 19 716 200 659 540 684
608 709 126 683 305 413 549 697 554 257 35 458 10 635 704 267 85 421 528 711 622 441 577 667 435 630 59
504 182 39 463 498 169 40 560 5 282 298 452 600 620 631 523 633 188 569 300 482 353 557 614 399 205 334
104 366 565 433 339 536 385 568 583 660 195 189 595 139 313 70 618 605 147 146 201 584 703 289 607 262 629
656 30 65 588 487 116 492 416 327 344 320 491 322 470 66 689 348 623 696 682 360 685 436 312 171 599 71
80 88 162 726 311 414 244 46 270 525 456 469 526 407 625 693 253 533 145 345 56 243 127 673 181 273 706
545 509 143 109 497 117 723 406 82 372 97 157 238 647 23 52 50 681 409 164 447 185 124 378 329 32 98
54 120 302 403 218 316 140 170 390 578 493 664 115 87 486 700 141 172 478 45 44 178 728 191 717 246 721
347 130 374 572 474 213 18 337 207 589 142 500 507 576 396 208 111 152 314 448 467 359 617 400 234 461 7
442 156 168 11 202 544 336 137 725 180 531 107 148 29 2 183 174 496 295 176 484 530 444 715 495 236 539
12 532 653 398 632 68 307 473 393 558 214 21 501 626 477 476 381 692 718 644 638 368 680 81 136 323 450
627 321 426 547 37 397 122 671 355 264 535 636 49 601 420 713 475 203 425 179 669 551 100 41 562 328 335
527 460 522 516 602 712 67 650 503 392 241 388 395 58 287 465 118 710 439 377 662 6 457 624 211 219 28
