16 40
000001000000000000000000000000000000100
000000000000000000000000000000000000100
000000000000000000000000000000000000100
000000000000000000000000000000000000100
000000000000000000000000000000000000100
000000000000000000100000000000000000100
000000000000000000100000000000100000100
000000000000000000100000000000100000000
000100000000000000100000000000100000000
000100000000000000100000000000100000000
000100000000000000100000000000100000000
000101000000000000100000000000110000000
000101000000000000100000000000110000000
000101000000000000100000000000110000000
000101000000000000100000000000110000000
000101000000000000100000000000110000000
000101000000000000100000000000110000000
000101000000000000100000000000110000000
000101100000000000100000000000110000000
000101100000000000100000000000110000000
000001100000000000000000000000110000000
000001100000000000000000000000110000000
000000100000000000000000000000110000000
000000100000000000000000000000110000000
000000100000000000000000000000010000000
000000100000010000000000000010010000000
000000100000010000000000000010010000000
000000100000010000000000000010010000000
100000100000010000000000000010010000000
100000100000010000000000000010000000000
100000100000010000000000000010000000000
100000100000010000000000000010000010000
100000100000010000000000000010000010000
100000100000010000000000000010000010000
100000100000010000000000000010000010000
100000100000010000000000000010000010000
100000100000010000000000000010000010000
100000000000000000000000000010000010000
100000000000000000000000000000000010000
100000000000000000000000000000000000000
0000000000000000000000000000000000000000
0000000000000000000000000000000000000000
0000000000000000000000000000000000000000
0000000000000000000000000000000000000000
0000000000000000000000000000000000000000
0000011111111111111000000000000000000000
0000000000000000000000000000000000000000
0000000000000000000000000000000000000000
0000000000000000000000000000000000000000
0111111111111111111000000000000000000000
0000000000000000000000000000000000000000
0000000000000000000000000000000000000000
0000000000000000000000000000000000000000
1111111111111110000000000000000000000000
0000000000000000000000000000000000000000
0000000000000000000000000000000000000000
0000000000000000000000000000000000000000
0000000000000000000000000000000000000000
0000000000000000000000000000000000000000
0000000000000000000000000000000000000000
0000000000000000000000000000000000000000
0000000000000000000000000000000000000000
0000000001111111111111111000000000000000
0000000000000000000000000000000000000000
0000000000000000000000000000000000000000
0000000000000000000000000000000000000000
0000000000000000000000000000000000000000
0000000000000000000000001111111110000000
0000000000000000000000000000000000000000
0000000000000000000000000000000000000000
0000000000000000000000000000000000000111
0000000000000000000000000000000000000000
0000000000000000000000000000000000000000
0000000000000000000000000000000000000000
0000000000000000000000000000000000000000
0000000000000000000000000000000111111111
0000000000000000001111111111110000000000
0000000000000000000000000000000000000000
0000000000000000000000000000000000000000
430 829 857 1592 500 747 1294 654 609 770 578 11 1232 406 1541 1238 228 347 1504 678 767 1278 875 1176 227 1447 613 177 766 614 1245 993 331 83 1479 211 792 485 553 477
113 896 548 753 208 813 1427 957 419 1453 41 382 407 1243 1493 216 571 1455 1452 1053 899 231 1411 745 1536 154 799 693 525 1196 196 463 107 627 185 932 1564 915 435 319
323 1579 254 1361 1251 300 131 334 389 343 258 849 142 618 734 886 1213 997 763 785 1507 823 982 1587 703 1503 1445 250 338 219 115 679 1102 1111 626 470 47 1055 37 1381
1044 616 656 272 1140 1594 1183 259 152 46 796 898 637 1209 1396 1258 873 467 247 410 754 988 388 1551 1169 176 352 659 1134 1130 1149 532 851 1299 1184 1220 124 705 342 681
1061 1067 845 778 1072 655 1141 680 121 367 1595 666 217 1405 1402 4 109 867 1498 163 398 784 396 1171 112 1043 732 1152 1306 359 1227 1509 662 1155 1293 1267 284 266 97 802
569 842 369 1257 774 930 922 638 1296 1271 557 1393 1191 306 205 412 1240 192 1327 962 443 1112 56 415 280 861 1481 1376 65 214 711 661 1365 1407 504 1312 833 36 911 27
339 1492 30 18 1291 1175 1311 1465 912 1148 1518 1168 1436 1049 520 1160 1077 1038 506 622 1584 821 62 526 1136 1318 1598 1098 148 1316 267 75 1360 1457 521 1522 76 257 652 1414
178 13 436 1093 1073 1585 946 850 473 1593 203 133 598 1090 1092 1222 202 951 556 140 941 1449 241 540 949 1187 453 984 252 650 1109 1582 838 808 1158 1528 844 1045 425 1259
52 1065 308 577 542 1094 381 103 1510 685 1460 1379 1377 665 1313 1424 621 1263 1247 397 1123 610 695 919 318 1217 74 135 1234 237 881 144 530 990 424 570 950 944 651 698
1156 1578 591 438 795 276 983 1384 1428 1237 265 1170 629 1516 57 817 1419 5 866 1161 487 1189 1088 245 776 804 209 26 279 19 380 710 669 1172 737 1324 125 643 1600 346
213 607 1542 72 1476 414 773 1218 855 1400 1157 1495 686 365 1389 1004 239 683 269 781 1422 1367 1520 1501 841 619 85 1097 88 1192 354 235 779 1076 596 682 220 920 572 429
986 31 1231 1408 976 992 670 1334 1110 768 947 859 1126 543 675 916 952 78 797 151 979 38 1451 1560 1591 1079 691 880 402 483 555 839 671 490 253 764 1394 478 230 391
377 394 536 8 14 1089 1352 830 699 1395 1163 955 418 1458 1371 1307 634 1572 1060 780 1211 1272 701 422 1173 330 360 562 372 777 312 81 1054 1413 21 1106 1525 325 722 428
502 1358 1432 769 1499 1387 161 199 1550 69 1028 657 495 493 457 1051 1538 222 1554 1100 44 1203 1467 488 1553 758 1063 1199 119 588 999 1015 974 508 1486 1310 1096 739 10 40
175 474 471 451 150 1496 663 1321 1276 1075 171 166 1517 1185 1022 82 58 1182 1519 981 1277 712 1500 307 514 1221 1314 1559 593 1471 1125 715 1470 1066 1275 1588 583 918 868 329
757 1280 1034 625 1539 162 1446 324 157 782 1412 1346 600 1368 926 641 1302 1599 615 1537 188 362 1309 1511 385 933 221 1353 274 1415 293 605 1362 179 1295 321 1576 537 1301 1355
608 1019 492 291 1180 877 1441 1292 1566 1084 1266 1544 378 101 375 91 373 1359 255 1397 1287 1489 1448 172 580 6 958 720 174 917 1462 25 197 1000 106 137 1472 1031 1059 728
811 491 980 1524 723 1255 1558 1041 138 1057 826 1556 1320 120 788 1108 1345 1030 1290 1543 827 1331 1138 59 512 987 233 1269 466 1039 1335 1009 1532 573 411 1121 186 1308 989 100
902 486 1264 240 624 141 729 207 1440 858 117 84 1056 1354 1557 95 806 793 190 824 366 145 1194 633 741 356 442 275 341 1534 390 1070 560 215 1392 1020 349 454 1315 604
355 1279 256 1456 1242 449 108 1021 602 244 43 1268 717 636 1260 170 1391 206 302 1013 1569 538 465 1461 1120 315 1127 1058 146 1011 1087 1052 1552 1332 1035 1497 67 1341 1530 494
1577 603 32 568 1206 835 820 1062 528 632 531 201 1450 818 351 714 314 122 1083 54 535 462 801 969 581 953 1343 164 1333 9 1095 243 460 1574 1026 1223 589 856 361 545
1348 238 158 724 985 335 935 320 408 1337 260 970 775 1380 648 888 846 789 959 1474 336 1370 1167 1433 1487 1434 1124 1153 1074 1349 529 1099 242 1145 77 938 232 1229 226 1042
503 759 1420 667 939 79 1082 547 1116 376 114 894 1040 586 1214 1285 1246 611 971 1005 527 288 126 1480 718 358 594 96 1118 420 863 791 1202 719 283 1512 294 1347 180 434
644 183 409 1385 872 762 39 1521 746 1205 991 658 446 484 549 963 332 1583 452 1225 765 204 15 439 740 972 713 923 1382 1103 155 427 750 168 159 1283 1014 1390 805 928
561 322 224 50 1435 386 1437 815 544 761 948 104 704 869 1286 676 263 1086 426 218 800 924 20 865 181 668 1151 251 1535 368 2 1204 147 156 1466 281 184 1233 49 345
1162 1416 1356 268 751 726 964 80 582 690 1177 595 518 1468 558 1357 23 210 628 89 340 143 1590 1262 433 1033 393 942 63 195 590 1340 907 860 733 1571 878 499 1032 305
374 191 450 1166 1273 743 1410 387 1254 1298 874 1133 379 1372 798 836 1444 1350 876 725 7 301 136 1226 22 871 1012 1565 1046 1506 812 639 517 1113 51 901 1386 1426 563 1597
1399 552 965 160 60 1215 1284 956 929 716 1297 45 1007 567 68 513 925 1253 1208 431 1423 1154 1490 978 617 1230 975 519 1224 344 887 706 139 475 1195 1018 904 1128 400 848
642 350 687 61 128 289 1429 803 807 64 102 489 1107 1494 481 731 1477 70 862 73 539 786 601 1023 1008 326 960 1442 1561 1575 1463 684 1239 459 1326 1186 736 832 1344 1546
1289 1144 1454 945 94 29 523 1256 744 672 1146 1037 200 1248 1430 1421 700 1526 1375 660 35 1164 692 895 1137 1122 1188 819 1288 1197 472 760 1135 132 1439 1132 961 550 696 653
1459 1270 1488 937 1351 853 401 1514 149 333 1068 212 1540 1190 943 90 167 809 814 599 1438 1484 1443 313 752 1085 129 630 790 730 1207 541 1274 1547 1482 98 1567 447 261 996
421 973 1115 134 1131 647 182 727 1409 635 576 1329 748 564 587 882 879 967 1101 248 954 165 223 579 1216 271 92 1241 1417 1010 1383 383 187 1047 399 116 645 1117 1523 173
852 1502 316 311 893 522 1080 1342 28 864 1568 1403 273 505 574 153 1235 649 1373 1404 709 1529 71 1483 910 1143 1036 1398 510 371 1325 742 456 909 482 1478 1562 296 822 749
298 299 1580 417 1119 546 524 282 404 1319 403 384 977 1508 1369 1589 264 1069 33 708 772 931 771 1323 42 592 694 509 831 1219 810 623 840 1464 1001 631 1418 1573 1081 1328
1029 1364 270 444 646 337 292 1078 405 697 1249 1139 936 448 597 816 1236 416 1549 787 105 756 1339 1545 892 906 1147 1091 721 1265 1586 55 1505 1425 123 794 834 688 118 262
234 290 674 702 303 395 673 612 1104 1210 1473 287 1174 469 496 1475 890 1388 86 620 534 1048 1150 1527 995 1485 870 1330 249 194 1064 735 905 783 246 1322 677 476 413 903
297 507 998 1531 277 1363 897 317 584 304 24 278 1338 328 423 1581 498 1002 1193 533 370 738 1159 479 130 1533 966 606 1250 1142 468 1017 111 1281 585 1555 348 914 828 1336
53 1181 900 48 1129 441 921 309 464 1105 189 884 1305 566 1304 1366 1016 1300 1201 285 432 559 1317 66 1179 198 575 689 99 236 755 17 913 1228 1006 1071 501 461 127 847
934 1374 516 889 1200 1491 364 908 1431 837 480 1515 286 1282 363 1252 885 1114 968 1027 392 511 1165 12 707 825 193 551 34 1548 458 994 1198 3 497 455 327 357 1244 515
110 1378 1563 843 295 1406 87 1024 225 1469 1025 440 1596 169 16 353 229 93 1003 640 940 891 883 1261 1513 1570 1401 1050 1178 1212 565 445 664 1303 1 310 554 927 854 437
