19 100
000000000000000000000000000000000000000000000000000000000000000000000000000000000000000100000000000
000000000000000000000000000000000000000000000000000000000000000000000000000000000000000100000000000
000000000000000000000000000000000000000000000000000000000000000000000000000000000000000100000000000
000000000000000000000000000000000000000000000000000000000000000000100000000000100000000100000000000
000000000000000000000000000000000000000000000000000000000000000000100000000000100000000100000000000
000000000000000000000000000000000000000000000000000000000000000000100000000000100000000000000000000
000000000000000000000000000000000000000000000000000000000000000000100000000000100000000000000000000
000000000000000000000000000000000000000000000000000000000000000000100000000000100000000000000000000
100000000000000000000000000000000000000000000000000000000000000000100000000000100000000000000000000
100000000000000000000000000000000000000000000000000000000000000000100000000000100000000000000000000
100000000000000000000000000000000000000000000000000000000000000000100000000000100000000000000000000
100000000000000000000000000000000000000000000000000000000000000000100000000000100000000000000000000
100000000000000000000000000000000000000000000000000000000000000000100000000000100000000000000000000
100000000000000000000000000000000000000000000000000000000000000000100000000000100000000000000000000
100000000000000000000000000000000000000000000000000000000000000000100000000000100000000000000000000
100000000000000000000000000000000000000000000000000000000000000000100000000000100000000000000000000
100000000000000000000000000000000000000000000000000000000000000000100000000000100000000000000000000
100000000000000000000000000000000000000000000000000000000000000000100000000000100000000000000000000
100000000000000000000000000000000000000000000000000000000000000000100000000000100000000000000000000
100000000000000000000000000000000100000000000000000000000000000000000000000000100000000000000000000
100000000000000000000000000000000100000000000000000000000000000000000000000000100000000000000000000
100000000000000000000000000000000100000000000000000000000000000000000000000000100000000000100000000
100000000000000000000000000000000100000000000000100000000000000000000000000000100000100000100000000
100000000000000000000000000000000100000000000000100000000000000000000000000000100000100000100000000
100000000000000000000000000000000100000000000000100000000000000000000000000000000000100000100000000
100000000000000000000000000000000100000000000000100000000000000000000000000000000000100000100000000
100000000000000000000000000000000100000000000000100000000000000000000000000000000000100000100000000
100000000000000000000000000000000100000000000000100000000000000000000000000000000000100000100000000
100000000000000000000000000000000100000000000000100000000000000000000000000000000000100000100000000
100000000000000000000000000000000100000000000000100000100000000000000000000000000000100000100000000
100000000000000000000000000000000100000000000000100000100000000000000000000000000000100000100000000
000000000000000000000000000000000100000000000000100000100000000000000000000000000000100000000000000
000000000000000000000000000000000100000000000000100000100000000000000000000000000000100000000000000
000000000000000000000000000000000100000000000000100000100000000000000000000000000000100000000000000
000000000000000000000000000000000100000000000000100000100000000000000000000000000000100000000000000
000000000000000000000000000000000100000000000000100000100000000000000000000000000000100000000000000
000000000000000000000000000000000100000000000000100000100000000000000000000000000000100000000000000
000000000000000000000000000000000100000000000000100000100000000000000000000000000000100000000000000
000000000000000000000000000000000100000000000000100000100000000000000000000000000000100000000000000
000000000000000000000000000000000100000000000000100000100000000000000000000000000000100000000000000
000000000000000000000000000000000100000000000000100000100000000000000000000000000000100000000000000
000000000000000000000000000000000100000000000000100000100000000000000000000000000000100000000000000
000000000000000000000000000000000100000000000000100000100000000000000000000000000000100000000000000
000000000000000000000000000000000100000000000000100000100000000000000000000000000000100000000000000
000000000000000000000000000000000100000000000000100000100000000000000000000000000000100000000000000
000000000000000000000000000000000100000000000000100000100000000000000000000000000000100000000000000
000000000000000000000000000000000100000000000000100000100000000000000000000000000000000000000000000
000000000000000000000000000000000100000000000000100000100000000000000000000000000000000000000000000
000000000000000000000000000000000100000000000000100000100000000000000000000000000000000000000000000
000000000000000000000000000000000100000000000000100000100000000000000000000000000000000000000000000
000000000000000000000000000000000100000000000000100000100000000000000000000000000000000000000000000
000000000000000000000000000000000100000000000000100000100000000000000000000000000000000000000000000
000000000000000000000000000000000100100000000000100000100000000000000000000000000000000000000000000
000000000000000000000000000000000000100000000000100000100000000000000000000000000000000000000000100
000000000000000000000000000000000000100000000000100000100000000000000000000000000100000000000000100
000000000000000000000000000000100000100000000000100000100000000000000000000000000100000000000000100
000000000000000000000000000000100000100000000000100000100000000000000000000000000100000000000000100
000000000000000000000000000000100000100000000000100000100000000000000000000000100100000000000000100
000000000000000000000000000000100000100000000000100000100000000000000000000000100100000000000000100
000000000000000000000000000000100000100000000000100000100000000000000000000000100100000000000000100
000000000000000100000000000000100000100000000000100000100000000000000000000000100100000000000000100
000000000000000100000000000000100000100000000000100000100000000000000000000000100000000000000000100
000000000000000100000000000000100000100000000000100000100000000000000000000000100000000000000000100
000000000000000100000000000000100000100000000000100000100000000000000000000000100000000000000000100
000000000000000100000000000000100000100000000000100000100000000000000000000000100000000000000000100
000000000000000100000000000000100000100000000100100000100000000000000000000000100000000000000000100
000000000000000100000000000000100000100000000100100000100000000000000000000000100000000000000000100
000000000000000000000000000000100000100000000100100000100000000000000000000000100000000000000000000
000000000000000000000000000000100000000000000100100000000000000000000000000000100000100000000000000
000000000000000000000100000000100000000000000100100000000000000000000000000000100000100000000000000
000000000000000000000100000000100000000000000100000000000000000000000000000000100000100000000000000
000000000000000000000100000000100000000000000100000000000000000000000000000000100000100000000000000
000000000000000000000100000000100000000000000100000000000000000000000000000000100000100000000000000
000000000000000000000100000000000000000000000100000000000000000000000000000000100000100000000000000
000000000000000000000100000000000000000000000100000000000000000000000000000000100000100000000000000
000000000000000000000100000000000000000000000100000000000000000000000000000000000000100000000000000
000000000000000000000100000000000000000000000100000000000000000000000000000000000000100000000000100
000000000000000000000100000000000000000000000100000000000000000000000000000000000000100000000000100
000000000000000000000100000000000000000000000100000000000000000000000000000000000000100000000000100
000000000000000000000100000000000000000000000100000000000000000000000000000000000000100000000000100
000000000000000000000100000000000000000000000100000000000000000000000000000000000000100000000000100
000000000000000000000100000000000000000000000100000000000000000000000000000000000000100000000000100
000000000000000000000100000000000000000000000100000000000000000000000000000000000000100000000000100
000000000000000000000100000000000000000000000100000000000000000000000000000000000000100000000000100
000000000000000000000100000000000000000000000100000000000000000000000000000000000000100000000000100
000000000000000000000100000000000000000000000100000000000000000000000000000000000000100000000000100
000000000000000000000100000000000000000000000100000000000000000000000000000000000000100000000000100
000000000000000000000100000000000000000000000100000000000000000000000000000000000000100000000000100
000000000000000000000100000000000000000000000100000000000000000000000000000000000000100000000000100
000000000000000000000100000000000000000000000100000000000000000000000000000000000000100000000000100
000000000000000000000100000000000000000000000100000000000000000000000000000000000000100000000000100
000000000000000000000100000000000000000000000100000000000000000000000000000000000000100000000000100
000000000000000000000100000000000000000000000100000000000000000000000000000000000000100000000000000
100000000000000000000100000000000000000000000100000000000000000000000000000000000000000000000000000
100000000000000000000100000000000000000000000100000000100000000000000000000000000000000000000000000
100000000000000000000100000000000000000000000000000000100000000000000000000000000000000000000000000
000000000000000000000100000000000000000000000000000000100000000000000000000000000000000000000000000
000000000000000000000100000000000000000000000000000000100000000000000000000000000000000000000000000
000000000000000000000100000000000000000000000000000000000000000000000000000000000000000000000000000
000000000000000000000000000000000000000000000000000000000000000000000000000000000000000000000000000
0000000000000000000000000000000000000000000000000000000000000000000000000000000000000000000000000000
0000000000000000000000000000000000000000000000000000000000000000000000000000000000000000000000000000
0000000000000000000000000000000000000000000000000000000000000000000000000000000000000000000000000000
0000000000000000000001111111111110000000000000000000000000000000000000000000000000000000000000000000
0000000000000000000000000000000000000000000000000000000000000000000000000000000000000000000000000000
0000000000000000000000000000000000000000000000000000000000000000000000000000000000000000000000000000
1111111100000000000000000000000000000000000000000000000000000000000000000000000000000000000000000000
0000000000000000000000000000000000000000000000000000000000000000000000000000000000000000000000000000
0000000000000000000000000000000000000000000000000000000000000000000000000000000000000000000000000000
0000000000000000000000000000000000000011111111111111111111111111111111111111111111111000000000000000
0000000000000000000000000000000000000000000000000000000000000000000000000000000000000000000000000000
0000000000000000000000000000000000000000000000000000000000000000000000000000000000000000000000000000
0000000000000000000000000000000000000000000000000000000000000000000000000000000000000000000000000000
0000000000000000000000000000000000000000000000000000000000000000000000000000000000000000000000000000
0000000000000000000000000000000000000000000000000000000000000000000000000000000000000000000000000000
0000000000000000111111111111111111111111111111111111111111111110000000000011111111111111111111111111
0000000000000000000000000000000000000000000000000000000000000000000000000000000000000000000000000000
0000000000000000000000000000000000000000000000000000000000000000000000000000000000000000000000000000
0000000000000000000000000000000000000000000000000000000000000000000000000000000000000000000000000000
0000000000000000000000000000000000000000000000000000000000000000000000000000000000000000000000000000
0000000000000000000000000000000000000000000000000000000000000000000000000000000000000000000000000000
0011111111111111111111111111111110000000000000000000000000000000000000000000000000000000000000000000
0000000000000000000000000000000000000000000000000000000000000000000000000000000000000000000000000000
0000000000000000000000000000000000000000000000000000000000000000000000000000000000000000000000000000
0000000000000000000000000000000000000000000000000000000000000000000001111111111111111111111000000000
0000000000000000000000000000000000000000000000000000000000000000000000000000000000000000000000000000
0000000000000000000000000000000000000000000000000000000000000000000000000000000000000000000000000000
0000000000000000000000000000000000000000000000000000000000000000000000000000000000000000000000000000
0000000000000000000000000000000000000000000000000000000000000000000000000000000000000000000000000000
0000000000000000000000000000000000000000000000000000000000000000000000000000000000000000000000000000
0000000000000000000000000000000000000000000000000000000000000000000000000000000000000000000000000000
0000000000000000000000000000000000000000000000000000000000000000000000000000000000000000000000000000
0000000000000000000000000000000000000000000000000000000000000000000000000000000000000000000000000000
0000000000000000000000000000000000000000000000000000000000000000000000000000000000000000000000000000
0000000000000000000000000000000000000000000000000000000000000000000000000000000000000000000000000000
0000000000000000000000000000000000000000000000000000000000000000000000000000000000000000000000000000
0000000000000000000000000000000000000000000000000000000000000000000000000000000011111111111111111111
0000000000000000000000000000000000000000000000000000000000000000000000000000000000000000000000000000
0000000000000000000000000000000000000000000000000000000000000000000000000000000000000000000000000000
0000000000000000011100000000000000000000000000000000000000000000000000000000000000000000000000000000
0000000000000000000000000000000000000000000000000000000000000000000000000000000000000000000000000000
0000000000000000000000000000000000000000000000000000000000000000000000000000000000000000000000000000
0000000000000000000000011111111111111111111110000000000000000000000000000000000000000000000000000000
0000000000000000000000000000000000000000000000000000000000000000000000000000000000000000000000000000
0000000000000000000000000000000000000000000000000000000000000000000000000000000000000000000000000000
0000000000000000000000000000000000000000000000000000000000000000000000000000000000000000000000000000
0000000000000000000000000000000000000000000000000000000000000000000000000000000000000000000000000000
0000000000000000000000000000000000000000000000000000000000000000000000000000000000000000000000000000
0000000000000000000000000000000000000000000000000001111111111000000000000000000000111111111111111111
0000000000000000000000000000000000000000000000000000000000000000000000000000000000000000000000000000
0000000000000000000000000000000000000000000000000000000000000000000000000000000000000000000000000000
0000000000000000000000000000000000000000000000000000000000000000111111111111111111111111111111111111
0000000000000000000000000000000000000000000000000000000000000000000000000000000000000000000000000000
0000000000000000000000000000000000000000000000000000000000000000000000000000000000000000000000000000
1111100000000000000000000000000000000000000000000000000000000000011111111110000000000000000000000000
0000000000000000000000000000000000000000000000000000000000000000000000000000000000000000000000000000
0000000000000000000000000000000000000000000000000000000000000000000000000000000000000000000000000000
1111000000000000000000000000000000000000000000000000000000000000000000000000000000000000000000000000
0000000000000000000000000000000000000000000000000000000000000000000000000000000000000000000000000000
0000000000000000000000000000000000000000000000000000000000000000000000000000000000000000000000000000
0000000000000000000000000000000000000000000000000000000000000000000000000000000000000000000000000000
0000000000000000000000000000000000000000000000000000000000000000000000000000000000000000000000000000
0000000000000000000000000000000000000000000000000000000000000000000000000000000000000000000000000000
1111111111111111111111111111100000000000000000000000000000000000000000000000000000000000000000000000
0000000000000000000000000000000000000000000000000000000000000000000000000000000000000000000000000000
0000000000000000000000000000000000000000000000000000000000000000000000000000000000000000000000000000
0000000000000000000000000000000000000000000000000000000000000000000000000000000000000000000000000000
0000000000000000000000000000000000000000000000000000000000000000000000000000000000000000000000000000
0000000000000000000000000000000000000000000000000000000000000000000000000000000000000000000000000000
0000000000000000000000000000000000000000000000000000000000000000000000000000000000000000000000000000
0000000000000000000000000000000000000000000000000000000000000000000000000000000000000000000000000000
0000000000000000000000000000000000000000000000000000000000000000000000000000000000000000000000000000
0000000000000000000000000000000000000000000000000000000000000000000000000000000000000000000000000000
0000000000000000000000000000000000000000000000000000000000000000000000000000000000000000000000000000
0000000000000000000000000000000000000000000000000000000000000000000000000000000000000000000000000000
0000000000000000000000000000000000000000000000000000000000000000000000000000000000000000000000000000
0000000000000000000000000000000000000000000000000000000000000000000000000000000000000000000000000000
0000000000000000000000000000000000000000000000000000000000000000000000000000000000000000000000000000
0000000000000000000000000000000000000000000000000000000000000000000000000000000000000000000000000000
0000000000000000000000000000000000000000000000000000000000000000000000000000000000000000000000000000
0000000000000000000000000000000000000000000000000000000000000000000000000000000000000000000000000000
0000000000000000000000000000000000000000000000000000000000000000000000000000000000000000000000000000
0000000000000000000000000000000000000000000000000000000000000000000000000000000000000000000000000000
0000000000000000000000000000000000000000000000000000000000000000000000000000000000000000000000000000
0111111111111111111111111111111000000000000000000000000000000000000000000000000000000000000000000000
0000000000000000000000000000000000000000000000000000000000000000000000000000000000000000000000000000
0000000000000000000000000000000000000000000000000000000000000000000000000000000000000000000000000000
0000000000000000000000000000000000000000000000000000111111111111111110000000000000000000000000000000
0000000000000000000000000000000000000000000000000000000000000000000000000000000000000000000000000000
0000000000000000000000000000000000000000000000000000000000000000000000000000000000000000000000000000
0000000000000000000000000000000000000000000000000000000000000000000000000000000000000000000000000000
0000000000000000000000000000000000000000000000000000000000000000000000000000000000000000000000000000
0000000000000000000000000000000000000000000000000000000000000000000000000000000000000000000000000000
0000000000000000000000000000000000011111111111111111111111111110000000000000000000000000000000000000
0000000000000000000000000000000000000000000000000000000000000000000000000000000000000000000000000000
0000000000000000000000000000000000000000000000000000000000000000000000000000000000000000000000000000
0000000000000000000000000000000000000000000000000000000000000000000000000000000000000000000000000000
0000000000000000000000000000000000000000000000000000000000000000000000000000000000000000000000000000
0000000000000000000000000000000000000000000000000000000000000000000000000000000000000000000000000000
7298 9372 8249 9800 8784 4015 3868 9599 9119 361 1194 4754 5680 2608 2990 8025 6556 8549 1101 5058 7966 2102 4664 4110 4443 9501 8995 6574 8890 4836 8058 5307 8467 7658 3105 683 1618 3348 7178 7531 4345 3722 5132 5675 167 9823 1387 950 9710 3452 3009 8946 9806 6103 1743 4837 7340 7172 1032 7769 7694 287 1250 6125 8596 3470 9191 9241 2663 1039 8017 6900 4229 8314 8060 7214 2525 6040 995 2216 2485 6114 1129 8555 2844 2670 3430 6351 6055 664 2859 7541 4085 1968 8225 3315 5186 3559 6012 8241
7159 9709 8124 6319 971 4123 2344 9268 5791 4450 206 2874 6715 5906 8343 184 6925 9562 1398 8584 4093 1823 1448 8146 1439 6003 1514 1631 673 470 8789 3256 8042 7253 4158 3349 9476 9666 3450 8410 8649 5470 2177 1772 9548 8863 967 8551 4980 846 5115 7086 1320 4107 3519 7964 4408 2494 4017 1964 1232 3624 3794 67 1308 5513 6521 3112 8262 1649 1027 8917 6282 8292 3234 7647 8284 3872 569 1805 9902 8725 2813 6410 3269 6019 5578 57 7714 3289 4558 9580 3154 78 6957 2727 8052 3038 2744 4975
6416 2425 3435 3200 752 7239 9979 7379 4677 3936 6991 903 8502 8010 9962 3579 7528 1961 2305 2043 3504 6630 2991 7766 4213 5669 2020 3157 1929 8217 1956 1655 6583 5674 3096 6981 3285 8409 3845 3767 7903 2794 5402 330 8791 3210 5882 6980 2581 969 832 7208 2852 781 3313 4781 6498 506 5023 117 568 824 2634 2375 3737 6224 5365 4773 2558 4299 7128 1357 9208 9589 2659 2031 9319 8883 83 8095 2926 5464 2831 5322 6839 6551 6565 7322 6586 998 3834 6090 635 3555 8821 7722 6537 3015 1162 5631
8738 8166 5494 7756 798 6111 3323 116 7198 6850 9438 778 2947 7768 1522 707 7729 8810 1400 8550 850 7857 8949 6505 1485 9165 7013 3243 7615 7851 4050 2773 9078 4360 6702 2238 5412 8880 5763 6284 5359 7732 3846 1683 6895 6701 2280 5331 5408 9252 3493 1536 2057 4959 729 6559 6043 2062 4489 1446 4965 7743 1982 2710 6030 420 6053 7633 367 7839 9183 7808 2220 273 7973 5682 2402 4997 1602 1317 8275 89 7619 7161 9686 2130 3898 6188 634 301 4097 1500 9616 4831 7890 1816 7618 1897 453 7946
7983 2122 7870 5373 7444 4607 7409 1166 5045 9181 5579 7806 2403 3152 1012 2293 4511 8823 3307 8112 9583 2551 7117 4691 9988 9518 6300 9529 6467 6906 5605 7343 5167 2266 853 6074 2342 4099 6021 8398 684 7125 3205 9030 5378 130 9229 2523 4444 3609 9608 7960 8975 6037 7270 1297 7259 1880 8380 9886 2587 7231 7974 7026 7065 7353 1476 451 9086 6685 8541 6457 7862 6314 4500 7393 6316 4834 2592 3902 123 3698 8148 3692 1614 4355 5360 4041 861 2290 581 6893 8237 1728 3582 9102 4089 4457 6677 9027
9266 5758 6331 3862 2765 4755 9047 7754 2324 9807 6323 9633 8627 4244 7452 1732 2564 9146 4699 1240 3950 4473 6260 8575 8517 6604 1490 649 1853 7777 5691 8903 5523 1594 3311 8560 8633 4156 5249 2285 1418 6587 1826 4858 3279 1423 5041 3562 2552 7002 9824 4384 9309 4740 7309 6985 7772 107 6788 2414 2199 1689 5572 5367 3648 1908 340 9718 9362 8898 1702 9189 7614 3873 9581 4871 8512 9554 2505 9401 3302 47 2475 7684 7882 1554 8956 8609 8874 4176 5888 6953 8172 9749 399 8799 7260 5884 5246 790
3865 1841 8554 679 5661 7620 2470 6236 757 4976 582 8300 5358 7250 4314 570 9723 2988 7741 9539 1914 7491 4940 6730 5730 3937 7221 2914 1075 8586 285 7263 1115 9138 2103 1326 9403 7226 6342 2537 1786 5764 1600 1314 2314 8893 4847 5967 5774 8252 6871 143 9321 4732 2644 4718 9184 7899 1577 599 1949 8775 6881 3092 6965 9400 5113 2701 1601 1236 1898 1976 6117 2788 1365 6033 3754 4119 8604 3758 8519 7907 915 9296 3513 1656 1850 1436 822 6291 9067 1635 7970 7733 4981 8450 553 6729 1779 1860
9038 5476 8663 1975 6203 3320 1092 5106 9925 5971 652 3751 9505 5616 8139 5683 8330 8122 4279 1206 878 693 1112 3714 5589 7056 7514 8227 5256 6448 7606 7238 2183 4014 3967 9575 8429 113 25 6668 9715 6700 2526 2463 4806 6547 4136 4507 1259 2112 7248 481 2098 576 1755 2876 6233 6727 3652 8324 4588 5172 1881 4086 1356 7484 5677 9605 3626 6545 2109 2870 5156 7750 5211 4947 5848 3742 318 6508 6935 9375 4999 173 9111 9150 6368 6688 3330 5852 9689 338 5073 6452 7838 5986 3500 9882 7878 7105
7897 9389 7092 2715 5623 4533 6773 9526 4005 2951 8521 3788 743 7510 8999 9949 9660 4854 2427 5857 2071 2033 4701 3833 6946 7066 7696 5581 4510 4414 1065 2878 9118 1440 4723 63 3292 5490 8860 3045 6169 6468 2153 4070 6902 8921 9891 5061 7712 1562 3806 299 8730 9368 6486 9943 1803 8510 9 1748 691 3264 2410 3492 6435 422 5837 6242 5815 5431 4654 819 5601 1617 7473 5410 4853 5192 2743 5468 2606 7679 3733 5861 4116 894 7384 3546 236 8527 6962 620 1633 6048 6281 7478 8281 8745 1267 927
3939 4075 8375 6005 11 8830 2027 3813 8871 5001 4532 9449 8296 6663 4622 3280 9511 7508 6405 6818 6476 7408 498 2222 2605 8402 4698 2864 5530 5386 1121 1327 9036 8620 2539 3975 1316 6941 5421 9786 9692 3240 238 300 4258 8481 2686 1345 1322 8867 5456 8650 5379 4776 6004 3894 4870 9691 8289 354 9482 3237 1855 9361 3920 5659 2711 499 4219 1466 3028 306 2190 4160 6939 7383 6356 185 4639 3883 3036 3499 1957 5909 8350 4660 961 8895 9114 5043 9582 1395 5297 9916 6648 1467 4011 3789 5497 4733
5708 9541 6495 646 164 1864 4571 9033 8489 4582 9567 2387 5695 3941 5101 5671 931 5339 8455 7634 7660 876 1281 4087 9481 843 2783 4655 4232 5856 5948 535 4293 1081 7833 5064 4081 6719 8451 2152 6107 6373 5663 9695 3795 8129 1903 4251 8280 6704 3191 4587 4907 307 8286 4128 4828 9308 8389 9398 333 7676 1642 1270 6420 996 1154 8536 2675 9251 7227 1228 7073 1133 7101 4893 5564 7911 181 290 4288 2446 8045 3527 4627 2204 6543 1943 2416 2570 8425 9013 6827 7014 2389 209 4004 7571 8865 6781
3561 6853 753 3677 7210 622 4862 2393 7604 3132 9519 5954 5005 245 5608 6426 3480 3516 2584 5800 4290 2465 3741 1208 5152 3534 1202 3982 1143 5810 3093 445 6557 7153 597 9831 1471 5176 3084 8979 7725 5467 6614 4001 349 6502 2974 9731 6888 2023 3444 5244 9225 1150 3287 7232 8134 8430 6408 5597 4410 7091 9446 468 347 5218 2908 8954 3603 4352 9472 9416 7969 7617 6060 4112 7293 9158 2571 7796 6652 7954 3847 5495 3611 5859 2745 9059 1904 7271 5570 1580 3771 8356 8614 9585 9726 2385 8406 9658
8757 6422 7582 211 6398 6695 677 2277 7708 3374 3879 1179 1647 3627 5580 6049 7863 1597 1725 9593 8374 1359 8520 8279 1037 214 5892 610 5420 1008 6446 6461 973 6276 4618 6268 4033 8691 953 2444 6380 8404 203 1488 6803 9275 7976 4730 3297 8640 3405 4094 3012 5007 7550 3694 8285 1768 8278 1193 1 5480 3912 3646 9956 9201 1954 3027 4432 9745 7820 2259 2895 8004 6481 734 2590 6288 4638 5935 6921 7624 1672 7789 9901 4767 6303 34 3144 252 5201 4746 8543 1632 7705 2897 9944 6968 918 3796
3593 3734 7015 4077 7307 2468 6909 2093 4748 1207 3261 4922 565 2688 4009 5767 3850 241 1064 8 4868 9005 9578 6928 4475 5500 960 741 2609 5240 7782 1604 7345 4002 6886 5538 6022 5181 1469 6653 2327 9035 6360 121 6311 2319 8260 9496 5955 1462 3057 3103 118 7370 1047 8344 540 3644 9610 8795 6244 134 174 7780 5583 9725 6129 9572 6791 2252 2111 154 4354 2866 472 3394 1413 7727 9364 3083 8371 3774 8437 5891 9793 8859 5901 2261 9525 7037 2997 811 6593 5792 6673 5434 5952 2611 2759 7112
150 5355 2911 8140 4619 6051 3547 3842 5155 4422 7728 5822 7143 3712 2684 2509 5562 3693 9367 6159 3419 4447 8394 9369 8937 2917 2948 5747 7020 7405 5912 7459 7759 4395 6782 6990 1560 8662 3697 834 7690 6665 315 8301 3735 4088 6130 1293 1833 872 9929 3049 5195 7068 9199 858 8473 8043 7579 1079 2804 4151 8064 2506 6474 993 6667 2001 8109 3910 8963 1911 7097 5818 9171 8904 2619 7568 9961 277 4933 742 5676 2009 4540 9192 977 8704 4013 6168 8168 3056 6563 5709 1815 8083 4439 3543 1749 1491
6859 5552 6162 1209 7629 9989 9109 6775 240 3266 3145 5527 1616 9300 2594 6809 8836 1266 6391 4816 2489 7930 3965 3668 7830 5603 6633 4648 3651 2182 2116 9923 9515 5804 4931 4502 3631 6167 8310 7287 4634 1926 9557 4465 6940 6417 7636 4056 5081 7761 3760 9305 8339 3257 3098 4844 4179 1896 5915 6206 3811 9263 6492 6489 4970 9743 515 7600 3455 2426 531 2573 4208 4405 45 6898 8611 6708 7567 9661 3974 8196 2545 9909 9982 7219 1164 3770 716 1334 5829 9533 8309 5699 7311 2797 6187 109 5956 3585
6889 6883 648 5366 1105 8816 2504 563 4708 9412 8213 6109 2955 1977 6598 5828 4235 3081 9429 8793 7078 3911 2790 5733 8370 7979 1046 4517 7254 8522 6189 6763 1432 9630 5559 1441 9900 6528 2278 8714 5785 8765 3260 7115 3929 3185 9942 4550 9797 7164 2439 3656 9212 4604 6896 7622 4958 7426 762 4705 3111 2612 6967 8712 387 5665 7938 8029 1762 294 5422 1586 3272 775 5599 9789 5707 1901 4966 9678 6947 223 1984 8020 1276 10000 1566 4084 146 2200 1652 2021 3629 796 6443 626 7536 7891 1798 7111
4076 4430 1399 5871 6524 6324 2404 4476 3388 2621 4278 1505 2872 5116 6644 2699 7776 1879 3181 398 5076 5313 8459 7918 8523 3371 7900 9560 1992 6340 7199 5105 439 7347 1393 4989 9904 3127 424 8373 9700 2180 3801 5995 8158 8193 1370 488 1745 7524 9182 3844 4103 4977 7939 8191 5844 8494 1470 7879 2645 8928 4242 7873 6258 98 5634 9774 1057 1684 1135 9277 9644 522 6560 5125 2453 3577 8841 3118 5346 9843 4808 1720 6974 2128 1606 8785 3043 3888 3233 644 689 8362 9940 9788 1819 5846 6807 7535
5833 1077 491 434 5633 8212 4583 6525 4423 6181 7344 886 7978 2432 6649 2423 7853 2317 8503 6938 908 921 3916 2428 9178 5621 7025 3502 8008 4531 6635 1660 939 9727 156 6746 7027 97 8329 4150 1084 375 2462 3180 9971 8632 4522 3666 2913 6142 8531 604 3020 9004 4193 3357 7823 2247 1425 6834 7012 9881 7278 5666 9917 5668 1023 3915 1824 1178 2957 1132 5427 9739 5809 6348 4149 7616 3696 1033 744 8577 9025 6541 3630 2896 4687 6678 1634 8847 7100 3581 6740 545 7205 3050 5926 2968 6362 8177
5939 8400 7468 3436 9670 8316 7475 3156 9804 3870 4572 9740 9456 2477 9243 4647 4146 9791 4406 9632 5341 5236 6156 868 9637 7650 9809 5654 7342 7972 494 513 8034 6312 2360 8743 9050 8388 3679 9536 2885 9869 9635 8464 6320 8601 1740 5972 4890 3900 7041 7316 4396 6387 5388 2338 2424 2438 4775 7865 8441 2820 5536 7942 1654 3422 6191 9161 171 2912 5302 759 4741 1375 2366 9246 7450 1806 280 4262 8320 440 8086 8136 806 2249 5998 8214 9704 8436 7109 6249 4642 141 8572 1944 2965 8382 2255 6857
9411 4344 9510 593 5711 9694 6569 3791 2646 525 4593 9495 780 8377 7302 2391 9852 6354 6459 8231 9851 4080 641 4171 4456 200 3506 103 8101 7740 6783 9893 9863 9939 5014 4371 1157 2229 3979 2143 1658 7399 8994 3580 2999 5446 8423 3667 8449 5925 9751 5071 2657 4759 8715 9711 2083 6970 8379 3212 906 7089 4745 7434 5263 9697 2099 5473 7377 5702 8150 1765 5340 7447 8107 8219 4797 1899 8444 4820 3663 3976 2700 7229 5271 6779 3700 2164 9628 4635 6638 7358 1144 5304 8434 4725 3589 2900 2476 6265
4045 3532 3764 7328 7018 5173 3461 9619 7809 9617 1907 7561 1015 8713 6681 9103 5713 6165 4973 6344 5344 6736 4813 3033 96 1392 55 3674 6750 137 8488 588 3699 2879 2516 6572 555 3858 2760 5591 5778 2554 8484 8828 22 4770 9703 1438 9816 6612 8381 1109 1630 7935 151 1759 3989 3681 1330 4380 8651 6297 8238 5233 7737 3158 3441 910 849 4007 6136 6484 9931 8607 4960 5403 5479 3104 8069 5863 8786 9754 1185 1812 5899 5029 2740 7087 6622 5342 6972 7689 7398 7518 6160 4501 1173 1152 9467 6127
9924 2550 7980 2350 9479 9934 4195 8988 5746 5336 1238 7642 8624 4537 1590 3226 1263 2882 3616 521 1343 9002 3856 1188 7424 4927 2513 5120 9760 5526 4835 2656 8508 8376 779 8474 9399 4629 1355 3324 5937 2939 9141 8207 2703 2172 4455 3054 1502 814 9884 3584 3172 3071 6621 1866 1513 3255 8104 7644 3360 3829 84 5285 4739 3386 2764 6139 8378 7437 8303 687 8530 2853 7734 5849 226 7140 371 1248 7163 404 7162 6825 4049 6469 4662 201 334 9625 4458 1124 4040 959 8040 2637 2524 726 5847 3214
5008 9224 8589 805 9430 3604 6670 3397 8091 376 9395 8737 1146 114 5826 3001 6785 2331 1804 920 4091 2258 9258 5293 18 9531 7635 6336 9371 1861 2334 9313 3489 6698 8794 4164 2084 6259 6332 4942 8461 5353 9407 2674 6714 7666 4514 3956 611 4228 5869 7332 344 8906 7273 3617 4325 1835 5243 3955 3053 7713 4579 8887 2746 9591 9487 7225 170 9269 2528 6848 5853 6202 8925 8671 9260 5525 93 3992 6778 9681 3309 7881 9409 5918 5230 5187 9477 1849 8964 2529 5102 4832 1041 244 6376 291 9640 5219
5514 7653 6613 6860 8533 6175 5751 374 7898 483 8959 8920 2149 4095 1175 7584 3282 9379 9651 7481 3058 1474 1426 2443 4428 7312 5315 4153 8908 7822 6979 1713 6104 9386 3922 72 6919 7215 6465 1187 2158 3202 9402 8100 4934 1042 4436 6330 6632 5692 5112 7055 7775 6619 8098 3981 9527 1722 5327 5876 2664 2972 9414 1296 4987 3086 2256 9576 6384 9108 3545 270 328 6987 5206 5592 3023 6926 6588 7418 3229 8619 6385 1734 1516 769 8706 79 2689 1290 1731 8105 5026 4530 7583 8028 7364 6141 1792 7088
1249 6879 4305 2761 8544 6833 8734 801 8506 8808 5522 4872 5025 1483 9508 870 5983 1201 1062 6693 359 1335 2930 9795 8752 4431 8302 9106 2676 9074 2144 38 1778 866 1563 7038 8180 6510 7751 5632 9829 441 1891 6196 9441 9061 6073 5841 129 1498 6934 8927 446 1736 4364 1279 9084 4291 4468 8948 4600 50 4394 8585 1159 6261 3903 9682 5209 7336 6401 7555 3783 3556 6814 8253 6609 6624 3207 1578 9444 9052 7538 8118 5335 6122 2368 6812 6694 1212 8685 1227 7962 2202 6899 4461 8016 1111 2483 5089
1598 9746 4786 9558 7744 3445 766 8824 161 6039 5622 5515 7749 1969 61 4064 2068 2100 8907 5957 7139 5168 8989 954 2226 651 9970 1925 7602 3411 5719 9021 9351 3637 1137 7625 5922 1104 8057 9049 4284 6942 4616 4223 5110 9565 7664 9941 221 7330 4633 9022 5657 2193 3931 3635 8635 3840 356 2507 5459 9423 5587 1415 5813 3560 9298 4316 5554 5370 4932 770 4546 4570 1461 2306 3218 4248 406 4815 2560 3447 3487 7034 3709 4513 4782 5854 2894 8018 6856 595 6483 5799 2040 4338 1592 2436 1475 86
9551 9730 4693 1256 1211 2155 3429 3361 8053 5054 9234 6047 8950 1056 2145 5712 4580 8591 4407 2113 400 7578 9872 8412 5656 5588 266 821 9010 7333 8176 8980 2640 7663 3719 9193 6430 2257 5351 6150 249 5629 5296 2181 5700 4266 4331 5436 9014 3143 1822 9808 9210 1785 6000 7718 6079 1284 943 8602 2755 1548 566 7430 3511 7155 6679 1605 5231 3673 3331 1723 2685 8984 8573 2225 2566 88 5650 4805 9506 6762 6475 2162 2855 7753 7859 7074 2286 4472 3896 9082 3061 4446 242 2517 3702 2845 2466 4948
4130 233 6343 7466 1932 5706 1795 7234 7150 5502 4142 4636 8636 7470 3322 5264 2045 731 7793 8408 6911 8424 1980 6341 3793 7375 52 7698 9927 7471 7824 5449 1214 8419 9195 1639 3597 321 8659 5295 210 2862 2454 7819 8319 817 6580 112 4257 3601 6955 3857 1970 528 2758 5147 4321 3160 3220 172 8363 2441 8563 534 6 5889 5816 9194 7403 9952 8188 9091 7323 9023 5569 6722 85 1738 5549 4906 9286 59 8900 7490 8471 7096 1183 3951 2281 2434 1328 4801 2654 5949 1051 7389 9410 837 3375 9842
4889 2336 3691 3895 2919 609 9437 7532 9011 3373 696 5910 3820 5389 8125 9147 7517 5448 4711 7563 809 9705 6470 2602 6305 6590 5149 5275 7996 3379 2395 5835 5539 7348 7868 5049 5075 2577 2871 7913 3428 7587 8809 5288 5558 2771 9223 6248 2678 3959 928 7084 8962 9177 5783 8360 7213 2973 9683 2729 2499 8788 1922 8416 3116 1729 6605 974 6199 4988 8387 8689 4565 3620 8399 6399 1106 9435 1727 7324 8203 5123 7999 7131 7374 2154 8660 2263 9890 2409 8767 2051 8940 159 3221 9664 1544 8256 3478 9887
3030 2563 6433 8274 6792 8445 5109 3573 4827 3333 3701 5035 1007 823 8096 4552 1225 8452 4597 3824 7319 7135 1884 8642 7416 2304 5610 7511 2935 490 2275 3022 4402 6234 3047 6815 1417 1274 9110 6623 222 7792 5472 1733 9427 7639 421 144 980 5958 8781 3686 9546 5286 9634 7950 7047 9896 3069 7944 758 2899 9445 428 4881 484 4793 402 3832 1402 3537 2757 1020 632 2830 4908 820 6836 2692 1501 2459 3273 1700 728 9594 5377 5094 9203 8337 5130 4231 6292 8460 31 6431 4351 594 3042 1128 7443
9974 713 8364 4509 6811 1764 5611 6949 337 7652 2627 2717 1780 686 6102 7912 8033 345 1643 9825 12 8248 9783 2884 5936 1339 2328 8037 9815 6855 1707 8701 5475 471 8049 2767 5270 8295 4022 9232 7371 2186 4096 4694 1525 5 444 6095 4243 3552 7222 8085 4367 3586 2704 115 2694 8431 9850 3805 358 9120 6887 6182 2036 942 3496 9358 639 2351 2140 8013 5779 1184 8516 2349 2315 5566 4113 4978 4919 9019 1324 9172 6269 6532 7701 5521 3899 4826 5059 5488 3520 264 8532 5877 600 5897 2028 386
2665 2769 8720 3446 9849 7525 4963 2902 9230 293 105 4192 1686 688 9218 7589 771 6313 5932 9756 3198 9338 7156 3983 4141 3861 913 8480 5913 3217 7848 3521 5960 9614 2478 1148 5117 1315 3973 1497 5908 4729 7168 2601 3327 1777 6959 1829 9046 5471 352 8061 7400 5229 552 8026 5701 3342 8746 4377 514 3998 5619 5248 6172 1813 739 526 4653 3059 2591 7439 4954 8936 4845 9978 4368 5204 8224 7803 2981 930 6477 3645 2270 405 2072 5535 6841 5157 4066 5148 2662 1858 783 3907 15 8498 7404 1119
7381 3413 6640 5681 2977 348 789 6302 3755 4124 5542 7294 366 9452 9312 4178 4189 1312 2705 1222 7648 2388 9999 7593 2907 6255 3075 1569 5004 5499 7945 1192 6737 1379 2243 2752 6098 4789 5624 4717 1412 6419 7145 7877 6951 9936 7339 7269 1526 3768 2803 6338 2303 9520 9104 1218 4481 1332 1437 2203 2583 2805 815 9125 4448 5620 2597 489 5662 2398 5415 3182 6742 6760 7455 2546 2921 5239 952 8417 4785 8802 9167 6656 4391 7320 7151 4289 901 2815 9348 7885 4134 5069 6690 2578 87 8192 7657 6078
2318 3276 5741 1620 497 8044 9142 1716 9164 3017 2691 3068 7058 7925 7243 6243 2713 9876 6969 5455 1666 1215 9995 8930 1948 8831 4863 2242 2949 2326 710 2806 9092 3414 9623 9221 682 6796 3787 5510 841 9073 2004 8721 4335 6056 3437 5245 1653 2903 9242 1246 3254 48 9636 2484 2287 4185 7855 9075 385 9134 2531 9690 6257 8223 3137 674 2986 6450 2035 9100 6591 6734 1371 8002 892 4425 7763 1915 436 7031 8679 7440 8899 8147 7080 5504 8055 2431 21 8700 3736 6602 4962 3423 1998 7605 1757 3356
9166 788 5753 4713 7941 6081 7170 5647 4852 5309 6971 6471 8477 5868 9638 3876 8099 2834 3305 1381 6132 2166 5361 5197 4220 6847 2512 9639 4010 8684 2312 8574 9826 6994 3807 7557 1385 1083 1318 5556 1116 8539 6121 4951 9624 2239 1252 8228 1031 6092 1431 73 3408 607 4157 2766 7835 3759 8969 5407 3299 6776 355 7241 5528 5428 4460 2733 7861 7360 6278 4567 4979 3159 6843 3997 9805 991 140 364 4400 1781 2639 883 5038 6865 5024 9139 3351 2101 1828 4923 4812 6394 3380 8047 5305 1741 5595 810
2819 312 1186 6674 6618 7391 4269 4950 1946 1360 1640 9796 6378 9775 368 4955 6052 2781 3901 8338 6007 5419 2503 5216 7201 3304 2651 2544 6164 8157 8862 1460 3933 5694 5012 3904 4181 8171 9272 6472 4417 8012 1989 9394 4685 4952 2802 4683 326 6346 4286 6054 1082 670 5399 3275 4270 6250 4200 706 9339 8372 3685 1061 5135 2124 1068 5299 243 6582 74 4891 401 9099 642 1002 9145 7098 3535 656 1397 8155 7063 5652 6210 7039 220 9469 8916 212 3113 3551 8559 2777 946 3918 702 9270 3131 5166
3365 8447 972 8750 9928 860 8246 1489 9079 7482 4796 9136 5503 2363 1011 5364 8751 6910 6996 2490 6427 9383 3290 256 4392 3271 871 4144 7070 9231 384 3684 9278 9318 7590 1867 4053 8909 1934 4074 8798 5923 5481 5015 1229 9880 2748 9667 4285 3106 3515 1830 2814 2042 5171 1529 879 3614 5430 985 7464 5492 9488 1278 3238 7799 8499 5247 4623 8468 2718 496 329 8868 2 7059 2321 1894 5194 8952 4326 9491 8667 5318 9493 6386 4848 3340 7595 1071 4787 2893 3466 9504 7807 229 1341 5911 3675 363
2780 9592 4145 7395 7265 532 3456 8773 4495 5738 4214 246 6084 1099 6963 2352 7228 1878 9284 5163 1628 2016 3163 5031 2519 4659 9716 723 8282 1110 4850 274 2294 8732 9053 9428 803 1613 8059 1127 3969 746 2600 6146 2295 9757 8687 4792 2058 9677 8817 6231 4482 5356 7692 6790 7076 7445 1273 3549 7052 9642 5798 7061 5280 5413 4304 1223 9124 1420 3404 717 6374 2411 5290 7704 9198 1089 8015 2356 7044 8200 2868 5257 106 6771 3296 9994 6533 1285 7738 1313 1258 8036 4535 6382 944 859 1851 6174
7505 8087 9396 2017 1386 5454 487 443 5612 8442 2786 6290 8843 6978 6912 2595 1304 3008 2150 9514 7346 2779 9846 6091 2176 8327 5574 2963 3392 6905 6936 8159 5919 6428 2979 6975 8529 8741 2090 8698 978 5543 6844 1260 286 6687 8230 6126 8294 848 5905 460 2082 342 3303 6739 2253 9135 6124 4935 4421 7811 9418 69 1189 5189 431 9836 3100 5687 4657 207 590 5714 4624 4297 4261 3935 7266 6455 486 8819 6761 9056 7072 1927 1242 989 6071 68 7735 2952 8078 8661 5485 3003 4529 8071 1704 3790
3550 4418 2030 8051 2925 3726 4526 8568 4236 527 8675 9267 6676 6008 6550 1451 1401 9045 6989 1923 9431 3657 7301 7994 5966 2055 7503 8708 3052 1197 62 104 7467 3638 8912 3772 8888 8366 885 3078 6101 5203 3780 7223 2941 3914 1988 5726 7667 8233 7286 8595 8726 9935 2943 3484 4778 5164 840 2660 9041 7901 2841 8638 2607 4102 8892 992 1671 1074 4175 8800 4568 9656 7420 6655 7613 4101 4173 4201 503 5968 3761 6256 9598 2982 9156 1464 4592 4296 9858 3186 7326 601 1085 8487 7 5161 7407 754
7462 3171 362 1718 3403 2593 7993 2052 9765 6578 5300 523 2650 9733 8336 6285 4374 6823 5463 3283 2264 1096 2374 4038 577 8507 9920 8466 6753 4877 5667 1480 6286 4386 9072 6254 8003 8970 7024 265 3887 6177 6016 7933 262 6214 6379 1831 1963 1366 8864 5250 7894 7576 6358 3695 8968 2632 9380 4298 322 8877 9613 13 5091 5586 7134 1651 6804 8361 3880 4928 7924 718 6353 168 5404 6275 4426 5487 4643 5648 2169 4464 6629 9214 2065 417 556 7778 2562 5537 7797 1589 4830 3128 8652 2341 2134 5883
9654 5512 8515 6215 2069 9331 7380 9840 8244 1347 8538 8234 1945 5551 120 8169 5855 438 8110 6240 4561 248 4363 7338 2495 5447 4071 1445 3161 2168 6118 9957 9951 8062 5469 5506 7682 6089 7540 6438 7720 9143 7237 9662 9596 6034 1744 2826 2194 3664 239 2739 5575 5053 2419 3328 3481 6754 3126 4148 4006 4843 2493 9675 8826 8340 5560 3350 6087 9926 4275 9953 3587 9579 2095 6414 9325 3095 28 839 8717 4757 5795 3334 2283 8328 9873 6389 8321 8905 2532 3525 304 8090 3717 9240 2018 9017 6227 5175
4765 6755 1069 3245 1852 976 2599 4665 1457 3703 6113 5843 6509 8179 6977 3115 8753 3153 9606 8812 8882 131 4599 5003 9054 671 3831 705 8056 6713 3453 6829 2053 2658 4953 2985 3395 2572 8247 1981 4608 2460 6684 5139 3208 458 7981 9031 197 9303 4936 254 935 1694 5978 6795 7121 186 9822 3860 5317 4581 5079 5737 7630 4650 2382 6094 5178 9847 5369 3345 2260 6831 4129 2950 3353 2310 8657 7931 5933 8181 6326 3848 4058 7390 4667 1789 9458 4281 3369 4555 6535 2473 3055 5368 2430 4221 8625 8804
3385 3005 1857 8205 987 4584 1599 9462 3928 4197 3174 5122 5439 9532 8063 7810 3854 7534 3508 6669 8259 4122 8993 630 5324 6178 7854 1627 5032 4564 7489 3782 7029 8801 9734 7017 251 9861 6222 9773 2960 3570 1657 7315 2693 3622 5118 8654 7144 9262 6988 997 9390 3749 507 4766 8875 7486 4188 624 962 4611 6322 4216 3270 9116 1935 6601 456 7681 1662 9600 5720 6220 9349 3443 9327 4222 2272 6514 3906 2458 4591 8829 7154 4403 3835 9219 5805 8838 1406 7668 6149 6473 3418 964 1869 4649 91 2860
1125 2978 9912 4846 7051 188 2171 9813 8655 66 3825 8707 7927 6699 623 5808 5067 5303 7916 7867 6749 9244 182 3438 1991 1679 7813 5637 216 539 4898 7883 8005 1499 8748 1151 3908 7716 748 8357 4317 2486 7860 8914 9089 6131 8608 3383 2267 3893 7802 4929 5947 7577 1141 2492 9069 6185 6960 7669 7268 5749 9077 9480 6894 6680 437 2865 5348 6352 4972 9279 3082 8299 8175 2909 8485 7498 6916 2106 1574 6958 3370 8415 1549 4941 2850 4669 4747 1893 2998 8813 2731 6050 8066 1538 9818 4721 3963 6216
3952 6140 1455 2250 4590 5107 1288 3507 551 5858 7564 7435 5372 7659 732 2015 9790 9839 1836 1072 80 9820 8634 7203 4469 8782 7137 2187 4283 6333 4126 4734 1024 4274 3705 3278 5394 7842 369 6891 2762 7114 7431 6088 3236 5768 8226 3175 1931 5036 9294 1235 3672 4118 9483 3319 2707 5561 9761 856 7275 3921 70 4336 8493 4260 855 4512 3382 8693 1583 3890 8291 9249 7597 2173 4466 2138 9542 1233 5744 6603 618 1847 2799 1550 1122 7986 4610 2241 1587 2141 1665 7545 1952 4961 3779 4032 979 9132
9489 2825 4029 5137 2961 5191 7397 9993 2749 2148 516 6424 5832 7476 7736 9285 5639 9998 3567 6538 8681 907 8351 9417 9771 6066 9093 8688 2789 7028 7552 2223 2131 6506 5573 5198 8556 4742 6878 7837 8240 541 1760 6253 9750 8822 8165 690 6927 2246 3067 3514 2730 6226 3859 6065 2576 2196 2452 5418 3995 1996 7641 2120 7785 8985 6501 2828 9713 1354 6642 7554 6002 8454 1664 8156 1123 4821 4576 5213 2132 5873 4020 2191 4343 5184 4332 2647 6434 8672 8851 8772 6567 5273 6573 7529 5493 8318 4856 8974
1487 430 8972 536 6032 119 1559 6718 9226 1479 4615 9516 7083 1885 852 8598 3065 6706 3566 7355 6562 2115 3007 9457 1430 4313 5938 7255 7640 5065 5312 3130 2362 1818 1588 4938 589 1962 2932 7062 4983 4487 2706 7458 51 1994 1585 538 2962 1985 5124 8967 7794 7895 2161 5541 1052 5989 3176 1049 829 2313 6105 4478 8870 4180 9717 6161 1521 3427 5154 1239 4389 175 669 7947 1928 485 5392 1429 9180 7943 8848 5673 8009 5511 3633 9854 3980 8120 8977 7547 2928 5823 8833 2579 4986 544 4503 224
7959 2920 698 4327 5761 911 8161 2044 9157 2119 8132 1742 8525 4280 1468 5261 8257 1095 1013 9965 2271 7651 1933 2598 8250 9870 990 7230 1692 9028 8606 9622 1006 5021 3300 1203 2641 9972 8271 1158 9892 5051 7795 1570 4438 6238 6854 5630 1394 5636 9323 5845 5385 7801 5255 2720 2047 3881 3312 9676 350 6018 332 6062 2201 5771 847 8348 4165 8111 8306 1561 9450 7126 9996 8548 5780 2970 9607 7212 9009 4196 7580 2726 2556 3250 7892 6166 8739 108 4736 7299 81 8164 4199 3721 9968 5762 9587 1230
6897 9397 9837 1874 4915 4743 1251 7251 9959 6309 549 9859 9728 4714 3683 4415 3425 4774 2791 3002 7527 8922 1080 8103 842 7021 9857 5382 2714 1698 9659 7167 5750 5571 6822 2448 5582 3599 4346 4388 2160 700 4187 7817 3731 1507 297 6186 6552 5298 9290 2725 478 5614 9255 4771 5477 638 8664 2074 4238 5034 7975 1746 6872 8084 2292 8911 1103 8405 1389 7831 2232 7292 5253 3568 8806 5962 2276 1753 1323 3718 7402 5653 8032 2025 8039 8333 4899 4956 4198 4867 9095 1710 2086 882 3179 2218 7834 4339
4628 2822 676 869 5212 1153 1873 1993 877 230 9029 2983 2139 3074 2340 587 9486 5721 900 774 7274 3358 4921 2833 4944 8616 6952 8335 5775 7004 2613 4777 6530 4996 7410 7968 5787 4930 2851 5679 4949 9169 1814 9871 1126 6691 9769 6370 7195 3892 6211 6184 4911 7723 8557 2345 2721 1675 5072 7082 3874 3046 192 4516 4210 9384 3713 235 1384 3308 9588 7989 1118 2586 4003 4155 292 7007 9814 4829 3855 4018 8803 6339 3122 1699 9903 5959 6570 9950 1411 8396 4788 6499 2709 176 830 6080 4060 415
1035 8131 9204 667 8117 7826 7158 1139 7940 3665 6752 3138 5979 8631 2931 1016 5242 390 5397 2091 3531 7507 4924 8421 8119 8355 9424 8735 1953 1200 8957 721 7956 6015 8126 9719 9981 6068 6711 8665 9563 6654 7351 288 5401 464 4459 1688 1391 6882 9066 9131 3654 9679 8643 7282 3125 1408 7169 4069 8690 5865 7376 8535 9478 2212 9455 7934 8582 7146 1422 8443 4750 7305 8792 1825 8486 5383 4301 9250 6606 795 7335 3019 3743 8742 6038 8811 1280 3538 6028 663 955 8915 393 7703 2189 7866 1838 5462
666 9003 8629 4272 2800 797 3517 1629 1396 7401 1161 9828 7003 2785 1070 4433 4696 760 2846 9785 4159 3512 5376 1895 7261 6780 4865 9513 9801 6984 9352 3739 474 7019 2877 2796 1621 2167 965 1690 8293 9265 1533 8971 2231 7832 5311 7448 4603 6279 7185 6407 9655 1539 8686 1527 3471 8866 5894 8827 4876 2724 1770 208 8592 4689 9117 5728 602 7327 2147 5215 1465 5489 3557 9001 4061 5282 4892 6134 3985 4067 4491 8910 5425 9938 5138 237 619 4519 5693 9405 2623 8729 4154 4172 9844 5050 3897 9977
3628 6381 313 353 7280 9475 9741 6692 3247 7948 1348 1378 7500 4598 2279 6194 3402 1537 4715 9602 8269 7992 1026 5850 2234 4637 4791 1363 4945 4019 6554 3490 784 9026 5567 8778 8876 6819 2956 455 9933 8840 5594 2254 2371 5934 5283 6201 5928 7362 6568 3706 4471 3442 5942 1771 6270 4230 681 5585 7182 5944 4212 3465 7670 122 6306 5185 6393 411 6123 1947 580 3343 4675 5429 2221 3306 2472 6647 3678 9609 7067 828 4342 7745 9875 4062 3917 6529 5085 3377 6725 5703 1097 9200 1610 605 3541 7480
3099 5996 9930 1802 9471 7197 1503 9845 3875 475 3223 3400 7628 9671 4982 7717 6513 8719 4508 3025 6589 8076 8470 8807 9915 8075 8149 5577 3954 7661 9237 951 6449 4259 8088 8211 738 1036 8901 4490 792 4143 1871 8395 1987 1739 5930 5655 719 4554 1936 6310 9888 4166 1551 8141 3459 2854 9586 9860 5063 6932 3836 1237 7988 3642 3035 8944 33 1623 403 8958 7977 9254 5517 3778 3885 3991 4671 3558 6251 6961 1180 777 1376 7166 6658 1784 7609 8170 2407 6973 675 8315 4810 3193 914 4913 4596 9087
8814 7846 8163 5723 2784 3066 1486 9121 4909 1506 6943 3744 3804 2418 8645 2348 4534 2750 5466 8331 986 7141 3321 9370 3716 3294 2175 42 5509 2479 459 8242 1078 807 9574 3812 9768 8065 9955 8696 5821 854 1333 6230 4043 6661 4864 5393 4462 8347 6100 3977 7755 9058 6774 152 4083 2521 4162 9906 3364 982 9215 3355 1145 9123 3590 5251 2653 5840 2548 9391 8023 2501 5824 3110 5306 3051 1254 4240 8576 3188 5898 5177 2034 3192 3366 6540 5182 5524 2995 575 6045 1714 9848 7016 1419 6041 8639 3448
4493 1676 2559 6571 2041 9990 1645 2298 542 621 749 7752 5547 3231 5501 9895 8621 9335 3851 6592 407 2723 4795 8749 2798 3393 8894 5617 2958 7951 6830 816 2533 8006 4737 9747 4626 6858 3387 3432 6176 5590 7367 7023 3649 1433 8570 4688 9584 4121 7425 5598 5153 4308 9330 5136 6363 3031 3596 2732 5830 199 5131 6768 655 9115 9497 6029 6743 9359 5903 7560 1761 799 4547 5082 9833 7321 7244 909 9758 5718 3571 2482 7148 2695 8021 194 3553 4563 9984 7283 1859 1705 8553 7165 8183 1224 5405 5319
3286 3818 351 4709 7688 1960 4090 583 6689 9209 7040 831 3079 826 6432 3884 7906 2456 6546 4372 3802 7079 808 8564 5349 5646 8106 5812 5672 6466 3228 6212 5902 5880 1264 8942 8497 8048 1615 5943 1352 1558 7359 7963 8540 3961 6205 6200 4098 7120 1918 27 9463 6758 6328 9190 1168 2514 3216 4357 1646 9133 6010 380 7748 3623 628 4381 476 3097 1568 7386 3518 77 4361 4183 2615 5241 1199 1920 7631 396 139 2987 615 480 132 2151 1435 1808 5732 5745 7077 2702 650 4974 6672 9448 5924 8588
9621 3932 4132 9672 3177 6076 4673 9864 6392 1756 8093 6110 397 9684 2156 5010 7122 2078 1454 6321 8030 3013 3528 975 4631 5066 1301 7113 7515 5222 3006 768 4939 6267 5486 4030 3063 7042 4138 4483 9070 5199 3641 5033 7914 2635 7119 7010 9646 4700 3317 3544 7284 865 7209 4753 6954 7841 7392 6920 7798 9363 8197 9897 7436 1054 7544 1844 1591 4728 659 8998 4762 1268 2228 4674 7236 3509 4549 4359 7043 2205 1295 5544 1156 336 5129 8966 7608 6517 2233 9281 9698 7516 6035 6143 5755 5237 1311 2946
3284 2953 2208 3417 8692 5754 4028 7596 320 2355 1681 6515 8182 2422 1870 133 281 5618 9618 4416 533 8297 8266 1799 8702 7771 787 3168 898 1261 493 4605 4903 9000 9503 6170 8438 7354 219 9663 5827 8346 9393 6558 2320 1163 884 8478 5019 7173 4068 8453 7069 101 1170 1302 1477 2383 2857 169 4879 2681 937 2736 1358 9293 3972 7915 1478 4027 6800 3401 5872 9152 1028 3575 5568 4804 4672 6296 4541 7765 5743 3930 9153 6482 5435 1364 5006 7902 2735 4543 4451 981 8390 7479 2614 5864 7726 3117
1338 9434 3203 7654 984 1171 8342 3420 2230 2307 6418 5529 9969 5423 2547 9179 2012 6875 7001 4184 425 6998 1210 4577 6717 6137 8960 8505 3048 1540 6930 3583 7132 1043 2211 7171 3018 891 6345 9310 7627 6289 9326 543 8945 8411 9337 2054 8123 3621 2420 6277 4809 8902 3215 1636 9629 1811 1973 6511 6097 6866 8089 6072 4111 6733 9228 4065 800 1695 7494 4553 1719 916 2890 3539 9874 4277 5794 8852 6451 7874 7574 9966 7513 2417 5540 7310 2064 3707 1638 5333 6456 7414 613 2683 4350 1362 3473 7677
7032 1191 1648 1329 2110 9107 5760 3625 8976 9780 4807 6531 7612 6067 3919 5992 9345 9877 8561 2445 2227 6903 7599 5406 4505 2433 827 3970 7569 1517 9992 3540 1766 4859 3655 9701 4441 3135 7923 7757 7506 5441 578 730 7110 645 2268 2284 1546 9314 5391 8067 2541 8496 7884 5088 3640 8769 6025 5057 5196 6425 4686 8001 4104 3248 9008 3295 9494 218 6011 3610 8613 394 1034 6507 6549 1794 714 7917 1938 6020 7249 2050 2136 1058 1912 2396 9076 4052 6617 7675 9736 1482 6907 6863 9440 9408 9227 8081
4024 6945 24 5095 8446 9356 3378 4560 9910 8194 6235 2643 5820 5644 9333 864 1909 6063 2821 6646 7645 9096 6901 8189 2696 7719 8918 5193 1325 3886 9732 9381 9729 2401 7291 559 5557 6913 6801 5274 2457 680 633 7488 3863 3781 2708 4888 9148 7046 7095 7123 138 8703 7361 7499 6190 7699 6724 6997 1622 1309 7116 1663 2847 1669 4454 4217 5982 1040 4676 4841 1277 4991 3748 958 6741 9347 1219 4901 8465 9105 5016 5276 1650 8896 7932 3259 9354 4620 2778 4404 253 6793 3165 5729 9197 7742 6458 1409
2330 9776 8997 8953 7378 6527 7157 3362 7183 550 4811 2329 5520 9343 448 4539 4851 3485 3235 189 155 4047 2467 8439 8273 8797 9283 7064 7781 378 1557 7721 3838 7967 4263 8108 6308 2574 1528 9883 1038 275 3224 5533 2237 7246 6561 2861 8744 9222 2500 7463 4225 9620 8933 1790 579 4790 9360 8354 410 8288 2515 6145 8094 9470 4039 4679 4697 4651 6723 3723 6675 8239 3993 6918 8433 9803 924 1921 5437 2954 6500 4348 657 2898 1955 416 6213 9065 8992 1404 2568 2848 2073 1114 2299 8982 8594 6294
177 740 5048 5757 1547 7828 4021 9958 8138 8759 5625 6922 7588 6821 3267 9708 3477 1596 4875 6608 8674 2323 9799 4918 413 547 4424 9256 2792 7709 1025 9295 6697 7356 5207 4012 4606 4726 4369 1449 3136 4916 3971 4926 4249 9302 6880 8845 3476 9534 391 5224 941 4246 5985 2322 1711 6274 4661 2000 4239 2209 5628 357 9535 4139 6128 2728 5453 3148 6579 7621 2996 2337 7888 1916 1004 1340 7472 3150 271 558 9344 8491 2390 58 3021 4869 6152 8345 8384 6726 2616 2491 529 9693 4719 8298 163 4163
4895 2146 6347 1575 6817 4798 6869 1434 3574 4484 2380 1730 6787 8630 5134 5685 1848 9378 6197 5638 9466 5851 3195 8825 983 5735 4839 5068 1691 1856 8152 4292 3044 3815 4034 9355 1231 7036 7821 8198 5641 8973 8209 2300 2006 6273 1492 5426 8760 765 5060 7349 2178 4499 1883 8392 2944 9991 187 2787 2096 3501 2405 6429 4207 3347 6599 9772 8670 3662 9914 4340 3962 1447 8978 9834 5546 3090 4315 7177 6064 8011 6867 1940 922 5325 5907 284 8261 8121 1965 9627 5279 7592 3288 3670 7562 1094 257 1298
1299 8221 3964 2776 7910 5929 2488 4035 6061 1472 7982 9524 616 2984 7252 9792 5715 8199 5773 3669 4254 2019 8600 793 7646 4300 4492 6764 7671 7138 2672 2530 7129 6808 5090 5292 2969 4120 1368 7632 3830 1294 5259 936 8368 6842 8202 724 3643 1706 1493 3239 5217 8566 2553 8758 8637 1573 2367 1846 6133 3464 4140 7573 7746 6890 5087 968 7715 5269 4082 5316 5781 4822 923 9127 1667 2269 1941 3183 5458 6660 2904 4387 6983 2244 7193 2442 2075 912 8518 2364 408 8222 7497 9385 4824 5347 8856 3454
8534 8565 5759 3301 6144 9543 6135 9413 3636 1972 2812 4026 9986 3146 3536 2288 5994 9753 3548 4057 5457 7008 3945 4586 9512 279 2455 3421 3905 6924 5200 395 2989 8938 7610 7106 1045 6442 5802 9162 3087 7504 9706 510 1005 6070 4707 6491 988 2636 4205 3745 5170 9668 8457 7190 9346 9898 1763 9006 5022 3792 7396 3828 4206 2549 2079 5784 7871 1832 9967 4641 4985 2123 2070 2126 970 8367 561 8943 9868 3274 4666 8897 1346 3777 3799 5987 7791 999 2967 8041 1204 2887 6933 8082 9350 8349 4031 2901
9055 6247 5670 5516 9946 5258 4494 360 449 4133 905 2535 9878 8961 658 2809 5689 9759 5062 3462 2085 9422 6490 9755 562 4860 9954 6534 4412 9459 8647 2353 3219 7770 511 6756 1494 4268 851 8545 948 7180 9007 7501 6371 7350 1532 3925 5345 6607 1176 7805 2399 6631 9879 9080 7103 733 7502 6151 4078 6112 4023 6917 5788 148 7245 4337 6594 9985 9280 3746 8401 2197 9421 8115 5615 3728 1821 4453 3451 5896 6195 1351 7030 4253 8669 5875 9315 7022 6225 3262 4544 9752 8393 2856 825 6757 1009 8210
4419 4990 4237 191 7412 8885 1769 2971 2011 136 3426 8854 7329 5716 9170 7816 654 1924 4307 1678 6716 8612 8526 1979 5997 9702 8127 8913 4411 1289 3232 1697 7542 606 7549 3605 8283 4234 1579 2883 4925 1737 3463 2863 381 6625 9287 7961 310 6083 9159 8270 9297 1773 3853 4370 5417 4470 1783 8074 5870 6772 7872 1383 1001 1990 1876 8986 2184 1120 6770 8718 1504 5039 3810 9173 5225 3529 7546 4496 3439 6710 678 3391 5121 9819 1380 1382 9517 3211 6042 5461 8272 8173 6826 9081 5742 9306 889 4885
3934 92 2542 1272 3505 6355 3258 3298 324 8413 3121 76 9997 9015 479 1182 8939 5796 5141 6566 6479 8603 3474 5210 6696 7290 2332 4578 2849 1463 4833 8699 4479 325 1890 6923 736 3913 9653 6759 7965 7814 3094 3763 3329 2793 6597 3184 9039 2461 7847 7840 7843 6217 3523 5772 5777 2737 3968 1458 8160 8019 761 99 4413 6877 9811 234 6884 7876 2469 9492 7702 3867 9018 370 2370 5999 7057 6634 8722 7889 2251 3133 7457 8492 2080 296 3204 4621 8547 4170 7220 8546 6838 7495 7394 9573 6119 4117
7337 1053 3578 5291 7175 2775 7957 9631 6006 5104 1220 902 7643 4904 1117 8755 1758 9122 9160 9948 2060 6218 5416 5011 9187 4751 5498 1331 5374 7369 1073 3249 6349 5220 8353 3178 5969 7285 7825 925 5801 6009 8313 7442 4044 3946 3026 2118 6585 5900 4152 1608 8872 3942 661 4320 8007 5914 2838 7711 5786 3727 1978 9129 8610 9068 5114 4819 4542 7048 2734 9088 1149 546 4849 1703 9213 5228 145 2661 8077 1481 3984 2668 3468 5409 2010 8418 4059 3600 3949 6307 1310 267 7774 9288 4204 4861 7548 1581
7655 6712 5400 1983 7731 8513 3841 6173 6082 7607 6445 4703 153 2210 9530 124 5920 2282 3398 6806 2596 7919 383 2163 9264 4309 3564 7306 9680 7233 7314 1712 7678 6266 1709 7581 6318 9154 3497 1456 7724 6436 9474 6870 9334 46 6327 5507 9947 3923 1942 6361 3076 3769 2742 5223 1508 2435 6246 8850 5678 8490 3966 2037 1902 7695 5965 4276 2357 7603 8113 2538 7818 3688 1889 4993 3194 3752 8697 202 697 8711 929 2240 1701 2522 845 2224 5940 6643 9735 17 3565 6664 4772 8641 3359 1913 9685 6023
6728 6707 4684 7952 9502 9720 4105 5362 1140 9802 7783 1611 6519 8251 9866 4302 2835 6876 2680 896 3987 9782 2994 3926 6720 6304 5717 6659 1443 3440 9324 2013 4356 467 8190 3041 4967 4536 2429 1000 1595 8035 5990 7258 1512 6478 7537 8790 8255 6805 2447 2603 9657 6421 1750 9641 501 2372 3415 8716 9798 2880 5027 3708 9905 3407 7438 7672 5975 2837 6157 3265 4233 5414 373 5143 3412 2400 5756 9889 3800 5518 9945 3123 504 7998 4449 8305 5052 5326 3524 9885 9937 3882 3326 715 1344 1221 6406 4218
5009 8469 6163 6769 7090 6245 4761 3139 9566 5881 1014 722 1797 8080 44 8528 5895 4329 7845 178 4882 9537 917 261 1307 7451 9485 5267 3725 127 887 323 6494 6440 875 8581 6404 4943 6409 4656 4758 3756 8983 4663 8587 3339 8046 4048 9507 5227 8265 6239 7432 9767 1113 3072 388 4227 573 2066 195 7160 9098 8386 5740 7662 9911 4319 9867 4131 6874 39 6596 7971 3766 1369 873 9528 5443 4994 751 3650 5600 8727 2412 492 9862 5442 5086 1767 1625 6396 30 880 4245 4051 5103 2061 4969 1416
5145 755 1063 7085 1388 7492 1555 4886 9561 7387 3077 8218 7289 6721 9217 7995 7127 217 5438 9721 100 4168 7747 4840 5044 3619 945 9853 6816 8243 5532 3034 7152 2940 7204 3062 6115 5951 7341 8369 49 9186 1674 9112 1827 4127 1265 7449 9465 1845 5350 1021 8832 9907 3569 4437 190 8206 5769 2942 9247 1167 1917 6626 4998 1967 7556 596 3776 447 7991 608 7107 1271 6627 3 7460 4794 9196 3798 5548 1093 8322 3852 4784 4896 5885 6651 6732 6738 9205 9316 4353 735 963 2365 8683 4645 1840 4488
4467 3227 4825 6147 2219 3201 269 8072 5289 9601 4169 477 4385 2206 3124 692 3409 9918 2687 9174 8646 782 5534 7558 9922 1088 5688 2291 9604 5890 7009 4887 9271 6966 5254 2824 9340 1515 6835 9983 3503 4589 1373 1243 2666 8779 1752 2536 1576 1138 7686 2892 3814 1793 3659 5921 7958 3526 1247 8263 6099 6852 2905 4695 7955 9707 7423 4440 2032 1906 2107 9163 3091 1717 5226 6096 5842 7856 9220 450 5234 1724 7277 9094 1428 6976 6138 3016 2604 3381 7920 1534 8955 32 7406 8878 7852 3827 4873 1971
9239 2751 3120 5977 1839 5866 1939 2625 9577 5018 6504 1172 6751 5765 6794 5190 4569 1060 6337 5320 2906 4609 5272 5363 6864 3602 2346 6682 5993 2121 8889 1930 8934 9149 9083 2540 6637 2302 9185 1801 4267 2610 6359 2816 4174 3576 5545 5332 7553 433 3594 6861 4383 2376 4518 2114 2992 8304 1403 7433 7565 2618 5028 7937 2843 2157 8869 5127 6616 1257 6944 5626 7858 6892 7566 1624 1410 327 3268 6703 7035 3530 5927 4442 8935 4373 4764 660 2881 9932 2335 5013 6059 5092 6840 3390 5789 4358 2671 2817
1022 9545 3149 2869 8116 9696 6287 461 7300 4255 7904 2406 4025 3251 2092 2867 7104 3457 23 7520 7509 4295 1292 2213 8145 7485 3711 2135 9615 947 8951 8668 9794 6228 1556 8483 4769 1791 737 6183 3085 1010 8855 1196 3004 6232 6241 9855 8162 4498 7496 4681 2774 548 35 7767 7262 2652 9555 2325 2308 838 2842 6264 466 6610 4556 4328 7710 1788 469 314 6383 311 6964 5083 7649 7461 8709 4595 9484 4393 71 9523 1888 9894 8135 9464 3010 2754 5424 5973 1817 1862 9175 9766 8680 8495 5308 5555
9365 5862 9024 259 8307 7011 709 9113 5893 3785 2827 3632 4161 2617 8873 4480 8941 2464 8142 1644 8754 5017 2369 6956 7586 9742 8622 2179 3927 9827 7093 228 2105 9779 2716 19 3730 7474 9085 2677 377 1217 2094 7790 2502 6748 9188 6298 3293 7665 5334 7985 7850 4226 2014 1882 6325 8987 232 3263 2667 4559 6639 263 1444 2624 4680 1349 6375 862 8648 5964 6192 4109 8391 3197 8267 4306 3389 6862 1255 7591 4294 5284 7427 1535 519 5314 5047 2309 6364 36 9490 7033 2496 640 4322 8504 8365 7224
6747 2763 530 9040 9376 9436 8014 2133 7281 4538 4878 4992 7512 1997 2104 5310 1509 5643 4716 5834 6077 647 3595 3943 8796 457 6802 6024 7247 2386 1995 5208 9590 9447 9388 3000 8858 919 8926 9336 9521 5806 5734 1959 9649 1910 2801 8524 5205 1484 1511 2886 1450 3114 1405 7693 8991 7297 1572 6377 5645 3990 3634 9392 7194 7363 2498 2589 6611 6397 7984 4920 9665 8853 2471 6798 7257 517 9453 3765 5482 4823 4497 1216 4054 5963 1275 2378 1147 9299 4964 7211 5337 8923 5433 4506 7142 5496 9460 1892
1565 4602 767 6937 2207 5550 1807 26 9899 3460 7739 764 9259 183 1495 8187 9126 6908 5040 128 5411 6992 5916 9155 8422 3277 574 8201 4528 3724 8653 2022 7413 319 6295 9499 7543 7202 3486 7446 3230 7133 6013 2215 1044 9699 5941 5330 5093 9216 2840 7005 5357 1696 9307 1337 3808 6415 4211 1234 3647 5593 1181 473 3542 786 3142 1637 1659 7176 463 3729 4390 8705 1407 4738 2048 2679 6252 7242 2719 1342 4551 5260 6683 317 3533 54 8929 3039 102 2936 3750 1372 9787 9919 5602 9034 2976 791
8475 7896 8178 215 9329 5748 16 10 1877 9060 1283 3994 4000 5690 5395 2236 4310 3410 8358 6283 9377 4971 2518 890 8420 5343 1213 3384 7887 747 2756 43 2067 3458 4731 3187 9595 1571 4347 2722 8385 495 90 5698 7325 5371 2638 3889 7352 5752 5387 2823 5660 452 7191 5465 7869 3676 8724 6423 3988 5640 5904 2768 8658 6106 8879 6179 9778 6496 3572 6464 7760 8254 8426 3809 5950 643 3757 8216 5126 5056 2421 3958 7465 3467 4706 4191 6317 6057 804 268 2741 2993 4842 4912 9810 3869 5281 3189
4562 3088 3147 9652 9645 6662 8403 3996 9042 8054 7304 8740 8514 7773 1244 1424 372 7691 2497 813 7697 9547 708 512 5981 8846 6657 933 1321 6158 2413 392 3720 637 8500 3957 3134 365 4147 6108 5664 6503 8050 9419 2649 653 5252 7875 7296 1253 1715 4463 4678 8842 9522 1552 3337 7926 7929 6584 4612 5450 3775 591 7081 8130 8472 7147 1421 3826 3173 8509 4477 7533 3335 6982 1541 2567 5505 5697 7382 7256 6388 2046 5724 5329 3823 6209 956 8427 1687 2569 2565 180 5991 5606 1872 9737 8383 4817
7685 2087 3680 9144 4401 3070 3162 8756 2631 2358 2185 5553 4362 7189 165 5301 6820 8820 2889 6262 5736 2195 5002 2381 7815 598 9353 1584 1530 6789 5445 6885 6058 7045 6069 867 2633 7844 7526 3819 524 3164 8768 8027 7786 9322 899 712 1520 2927 1868 3102 8747 423 56 1055 126 1747 4485 2918 8766 5055 3909 8458 6403 502 8682 2056 7200 7880 3209 1165 6026 9553 8597 6207 612 6784 4712 4318 5375 2620 7626 6564 4724 142 7006 2510 125 1086 5384 9043 3170 1287 3738 8736 4984 1567 465 4995
904 2008 9748 6813 1029 4073 3747 8931 4429 2415 1198 111 3843 4668 5705 1834 4814 1108 6400 776 9976 3618 8133 5277 7272 9140 1974 603 3639 8114 6522 4646 9643 8463 6369 250 1751 586 3310 1677 225 3753 1160 213 4900 2934 3469 1919 4264 162 631 9415 9273 625 4203 8456 2575 4690 7623 881 7136 8580 957 750 5584 6366 9037 8644 5797 6709 1090 9960 4585 4486 9571 6208 7949 4874 4182 5519 2235 6575 7419 1452 3658 5165 6075 6402 1361 6120 4779 3169 4016 7000 7827 8981 3291 316 7108 9332
9235 4658 6915 9211 2975 6395 7357 8195 2333 339 9151 462 6520 382 1319 8770 8787 40 2712 8694 4710 5111 4420 7071 2959 2753 7953 9404 7411 8174 2077 2923 8886 9276 6334 5860 1367 7908 2117 3784 6271 1708 3109 8476 4652 4375 7707 1523 4323 3206 9509 4452 3368 3140 341 1030 8762 4365 7196 3475 343 6536 6548 3244 8599 4209 6293 8857 1018 9980 4108 2063 2642 1427 8352 1619 9647 665 7453 3960 627 3242 7656 4366 6155 3213 2002 1735 7559 8542 4100 1519 8571 9865 1543 2772 1775 2005 3947 2245
9176 8626 1900 9764 1269 5070 2198 3660 3864 6518 1875 7469 3563 2297 5037 4902 8154 4125 9071 7049 2137 8092 9712 2273 4055 8919 7264 7454 6116 8079 2397 9832 3816 1837 7700 9341 7522 6367 6650 5474 8167 5879 763 3141 2770 3704 7318 2891 276 3978 308 1668 9612 3822 2316 4640 2097 6950 6315 6412 2165 3891 7611 5321 1473 2910 6372 9097 7456 231 895 1951 6705 3014 1245 8151 2915 4427 3372 6671 8628 6577 8593 6221 2964 7477 1019 2682 2980 8102 699 2875 554 1842 9559 5596 7053 8317 6263 2795
2543 9387 94 4079 4630 7598 8153 2508 4744 3671 8204 8578 8723 1195 2214 5396 2924 9473 2392 9206 4625 7218 520 2873 6786 5328 1950 4545 2832 3073 1262 6171 1305 567 9406 4247 8326 65 720 1726 8462 2049 8774 3488 8673 7366 6986 9603 5839 2474 9817 1542 4114 6995 3406 3032 6929 4282 9291 5739 4349 844 5817 4106 835 5508 3482 874 2810 940 5265 3344 1809 3341 4186 158 282 9838 258 9784 41 3080 5953 2029 5030 2557 9963 2003 6512 5133 4515 1810 3591 6542 5160 9357 5380 8881 2738 9236
5188 8440 1626 5627 5976 5838 7487 6868 9688 160 7987 3338 703 9626 4046 6046 8537 2933 1241 9669 9821 8552 5917 7539 7836 1553 5078 1721 7787 4735 7102 1131 1306 1205 9540 4341 7118 6485 3608 4670 4409 5725 9973 4250 8312 5232 9062 5214 8229 5727 9964 1286 6766 863 3434 2361 857 3938 5221 3839 9374 8359 1607 1177 3332 4190 5179 704 5531 6828 9498 5080 7334 8341 500 7893 9544 5398 1670 5658 4273 4525 4594 934 7784 2630 8932 2807 2811 6523 2938 193 8764 7483 272 9500 1680 509 4749 3089
9552 5352 9454 3241 7188 802 8733 4897 1190 205 9724 9856 6272 564 5159 5607 662 14 8031 3151 4399 6999 1966 7303 9432 8235 3689 4914 2296 5238 166 571 8311 3376 8128 2561 1303 6454 8215 9320 1142 3607 3354 5294 7429 9282 9451 785 3592 4756 3029 9064 5793 4752 4702 2829 3199 9461 4968 6497 9538 7928 617 6581 8268 3554 3491 5782 585 6335 6555 8332 5887 8728 1673 9442 8501 8761 5266 3281 3416 3316 6765 4303 5440 6873 8776 2026 6036 6686 8290 9044 8618 4379 5874 7050 1017 1087 5819 2440
725 7680 303 5287 8861 7687 7149 4527 8558 9420 6767 3878 5970 7279 2159 6365 2359 7388 9304 3479 3060 685 1820 5323 3598 6553 6014 2937 711 3837 3495 6204 2839 2059 9366 3817 6620 60 4917 7683 2481 3786 4523 1048 7521 2450 5945 2408 2024 4573 4137 196 8277 1076 4548 6413 518 7385 5980 6493 2088 9433 1518 9913 9722 409 305 3866 6526 4330 5180 7184 1336 3849 5946 4524 8678 8965 949 4042 5483 7054 3336 3166 4866 5686 6832 8511 412 6845 4378 1459 5381 4910 8884 8184 5961 2076 9921 9738
5099 429 5867 1067 5988 7758 7094 3690 8615 3494 8777 3612 2384 6148 8232 5077 9648 2347 7788 6595 9714 3037 3588 5974 8583 557 1612 3424 135 3498 9762 5042 614 3108 5128 2262 1050 6904 427 3613 4092 1374 818 5169 9207 9301 5484 7849 836 1066 5098 3129 1350 7812 7331 3222 4644 2451 3682 9168 9342 7921 3924 9373 4287 1174 4613 260 9012 5491 2343 227 3431 1377 2698 9770 2929 1854 5576 1545 6357 3363 3155 6460 3687 1510 7130 3773 1905 283 2038 157 7638 1774 3522 7421 4376 9650 1414 2265
3253 8186 6628 8780 7764 8617 7570 6031 5150 2534 3472 149 7313 888 5354 4265 1130 6301 5144 9253 7295 3762 1136 9777 4574 6223 37 5235 6198 7585 8676 5119 1582 8783 6299 8818 8435 4727 6846 5649 3225 7523 6488 9101 5046 5268 7181 5000 198 794 2628 4397 938 7192 9908 7990 812 7373 309 8024 7216 3986 53 7099 2142 4799 9549 727 1958 560 6219 1937 6993 3944 5635 2379 3803 7417 4241 5684 6086 6745 1999 636 1531 3196 1886 4855 572 9128 204 5140 8258 9090 5202 5886 9202 2127 9274 5831
4884 4521 5183 9830 4256 432 7186 5100 9261 4818 9317 418 20 482 2339 4617 3606 7601 4946 255 2081 1003 8308 110 6350 7179 8569 9048 2188 1782 9812 2697 2622 9257 8448 3107 3314 9137 7909 5142 7997 4312 8839 6636 5158 5390 4763 7674 8407 2174 2648 672 2555 289 9292 756 668 8924 3732 4504 4768 2274 701 4333 2747 1134 1291 745 5722 9835 6641 8482 8220 1107 4803 5565 8276 1155 2626 6931 8656 2354 7572 6615 5432 6735 3940 9016 4957 1282 6797 1863 2858 8264 4202 6237 4800 6799 9569 2916
9550 6154 6329 426 9439 1353 3953 3821 2377 9289 4760 95 8567 6447 9426 8144 6731 2655 5807 435 4780 3119 2511 4575 1986 537 9611 5020 7415 3367 1776 3064 5642 8479 7762 5609 9245 6600 8143 331 2217 3352 5651 2089 8834 8287 4215 7288 8022 2966 4632 629 7800 419 2125 3715 5478 8000 1453 4614 8068 4520 5084 1524 2311 8432 7519 4445 2301 833 6480 1661 8695 8891 389 9781 4063 6027 5604 9311 414 9248 1059 2108 295 773 1098 8590 75 9687 5825 9063 4802 5770 2487 8073 4167 2782 2520 7206
7905 6463 1300 8837 584 2836 508 6093 1843 6744 442 4838 9673 994 335 247 8325 7936 9975 926 5613 7886 3346 5984 8844 4783 5931 5451 8185 7060 6837 1865 4252 5710 1496 5878 8666 4692 3615 7368 7804 5278 2394 3999 7174 6439 8605 2039 7530 5097 9382 2888 893 3661 5696 2582 4135 4008 302 7441 6280 3483 4880 7308 2580 7594 5338 5803 379 9841 8623 9556 9032 454 5108 4311 3396 7217 6914 9051 5836 2480 3040 7637 278 1887 1442 8579 2669 7706 8815 8038 9744 4334 8334 6390 4072 6153 7779 4720
592 5444 5790 4382 9597 6193 64 1169 2585 5814 3101 6576 9674 9020 5146 5174 2192 3190 8562 7075 2945 1682 6180 3797 4722 3710 4601 9328 2588 7365 3740 6487 4857 7124 9233 6437 6462 5151 6516 147 5563 3252 3877 7428 6824 8947 5704 9568 9425 8428 3871 7422 8805 7235 6539 3433 4434 1100 4 1787 4115 3024 2673 3948 5776 3246 5731 5811 1754 772 6777 6017 2690 7187 298 4894 9443 8245 4937 1796 4883 2373 7922 4037 4398 966 8236 5766 694 3510 932 1685 1102 29 2129 7493 8677 7829 8710 4036
2449 2437 7317 2248 2527 5452 4177 3167 1593 6645 8397 179 4905 6444 3325 1800 8070 4224 2922 6948 3399 8097 7730 3653 2170 1564 5074 2808 4474 4566 7575 9570 1693 1609 6810 4704 5262 6411 6044 7240 9057 4194 1091 897 505 7551 2818 8990 7864 4682 695 7673 6453 4557 5096 8323 7372 3318 2629 8771 346 1390 82 8835 6229 8731 3011 6001 1603 6085 2289 1641 3449 4435 9987 8137 6849 6544 9468 9130 8208 6441 7276 4271 7207 7267 9238 2007 8763 5162 8414 9564 6666 1226 6851 4324 8849 5460 8996 9763
