2 15
00000000000001
00000001000001
00100001000001
00100001000001
00100001000000
10000001000000
10010001000000
10010001000010
10010001000010
10010001000010
00010001000010
00010000000010
00000000000010
00000000000000
00000000000000
000000000000000
111110000000000
000000000000000
000000000000000
000000000000000
000000000011110
000000000000000
000000000000000
110000000000000
001111110000000
000000111111111
000000000000000
000000000000000
011111000000000
99 146 176 194 134 33 166 126 42 127 130 63 128 61 1
129 93 89 117 70 17 108 88 15 116 183 110 154 16 151
109 206 149 211 136 11 140 224 31 167 147 4 46 121 26
69 68 216 79 170 219 113 58 148 119 135 6 98 162 35
39 180 90 221 5 105 160 198 80 77 199 67 101 106 40
139 222 114 25 57 159 36 82 205 217 38 47 182 91 30
111 12 190 132 171 29 215 174 165 196 13 104 60 54 195
163 71 92 112 161 8 177 34 84 51 186 187 65 81 22
9 32 3 155 115 97 218 66 44 153 203 87 56 172 168
156 152 220 189 164 96 188 52 142 125 212 138 72 10 175
2 27 141 124 207 95 214 73 48 143 83 21 120 59 185
23 202 184 192 137 19 43 173 157 75 193 213 118 208 204
178 181 28 144 209 150 86 103 37 197 131 7 41 223 179
62 145 201 107 210 74 20 158 200 53 191 55 45 78 100
64 49 122 225 18 24 133 169 85 94 123 76 14 102 50
