4 19
001000010011001110
100000100000100000
000000000000000001
010000000000011010
000000000000000010
100010110000010101
001000101100011000
000000100100000000
000000010001000100
001001000010000000
000100001000010000
001101000000000100
000000010101010000
000000100000010001
011010001000000000
001001110100010100
000010011001000000
001000010110100001
100100000000000000
1000110000000000000
0000000100000000010
0000100001000100000
0001000101000001000
0111001010100001010
0000000000000110000
0000100001000000010
0010100000001011001
0101010000000000000
0000110101001001001
1000000000000001010
0101101000000110010
0000000000000001001
0000110011100011010
0000001000000000000
0001000010011100000
1101000000100101010
0110001001000101100
207 305 209 112 326 345 303 187 6 269 108 149 250 45 302 73 171 358 352
278 116 219 3 202 80 55 287 129 356 315 346 135 183 265 62 294 241 214
120 260 89 204 285 9 131 41 111 258 173 174 47 29 273 208 332 58 168
51 70 60 288 17 33 308 37 82 42 56 19 309 162 161 28 77 117 314
325 158 304 145 301 13 40 63 18 261 49 282 21 86 337 270 243 255 44
130 15 227 330 216 252 233 188 134 36 240 159 280 35 290 341 340 262 2
312 137 194 343 64 179 105 264 297 54 99 100 267 74 236 95 75 221 316
146 97 118 127 182 254 222 321 142 7 296 71 11 268 317 20 229 331 228
275 103 347 22 52 94 201 92 31 323 8 218 5 178 65 78 213 190 239
336 185 191 281 85 24 43 311 102 320 298 155 284 59 324 170 121 157 360
266 245 169 153 125 189 248 357 251 295 200 107 319 150 276 34 272 199 106
192 141 253 38 48 338 16 67 184 110 104 163 355 333 53 181 144 235 119
166 79 293 361 310 90 349 300 271 14 1 91 156 87 257 263 165 307 291
237 143 350 289 46 335 256 313 69 81 353 10 72 32 223 12 122 177 246
198 354 274 195 231 154 247 286 96 139 259 151 152 109 160 132 205 93 175
124 25 148 244 215 322 176 206 225 230 50 76 318 167 186 193 147 26 348
39 138 27 196 115 4 83 133 224 232 277 84 249 292 172 359 136 334 126
203 101 234 123 299 279 128 212 30 339 328 57 351 329 327 211 238 283 242
66 217 164 220 306 88 342 114 68 226 210 61 180 344 113 23 140 98 197
