6 20
0000000000000000000
0000000000000000000
0000000000000000000
0000000000000000000
0000000000000000000
0000000000000000000
0000000000000000000
0000000000000000000
0000000000000000000
0000000000000000000
0000000000000000000
0000000000000000000
0000000000000000000
0000000000000000000
0000000000000000000
0000000000000000000
0000000000000000000
0000000000000000000
0000000000000000000
0000000000000000000
00000000000000000000
00000000000000000000
00000000000000000000
00000000000000000000
00000000000000000000
00000000000000000000
00000000000000000000
00000000000000000000
00000000000000000000
00000000000000000000
00000000000000000000
00000000000000000000
00000000000000000000
00000000000000000000
00000000000000000000
00000000000000000000
00000000000000000000
00000000000000000000
00000000000000000000
381 282 78 106 193 348 124 371 71 82 7 306 361 127 307 52 327 245 364 302
347 54 305 3 51 16 259 399 154 200 121 220 222 192 151 14 2 325 98 376
81 159 126 120 84 53 304 77 357 263 280 170 392 215 268 115 291 230 152 313
290 113 248 169 238 173 116 58 237 24 267 95 141 204 18 42 224 111 100 372
390 203 35 88 260 60 380 256 128 293 21 269 209 139 366 66 273 319 232 20
360 119 316 271 62 156 258 387 255 90 93 287 262 333 68 110 165 221 122 9
47 217 314 8 63 162 261 338 117 292 103 108 160 15 129 362 310 211 231 176
379 298 332 61 80 50 398 107 171 5 179 250 396 226 317 278 130 46 239 180
375 254 32 196 94 208 104 146 199 335 36 205 142 83 206 144 25 201 274 329
281 318 67 368 1 341 27 73 4 97 353 172 243 244 181 102 339 234 136 400
92 37 145 133 75 365 89 312 183 288 393 64 285 74 153 210 251 174 184 225
22 367 31 388 207 17 214 12 39 45 249 44 358 164 303 345 308 241 286 331
161 26 123 373 228 294 218 247 148 135 59 132 384 48 56 99 272 322 289 55
189 334 79 311 177 350 72 382 242 195 6 383 28 86 185 352 359 33 283 385
131 134 13 351 105 394 140 229 190 198 114 279 227 391 166 10 330 23 188 150
178 216 40 324 158 240 342 197 275 301 212 85 354 336 191 323 252 246 29 276
235 315 299 70 326 202 155 356 157 378 76 284 369 370 137 57 309 109 397 91
43 270 187 349 125 168 219 11 194 143 295 223 355 101 175 340 277 163 65 321
346 337 265 96 389 266 233 112 386 34 328 49 264 147 377 253 167 186 395 182
257 236 374 297 320 343 213 149 344 87 118 30 300 363 69 138 38 19 296 41
