8 20
0000000001000000000
0000000001000000000
0000000001000000000
0000000001000000000
0000000001000000000
0000000001000000000
0000000000000000000
0000000000000010000
0000000000000010000
0000000000000010000
0000000000000000000
0000000000000000000
0000000000000000000
0000000000000000000
0000000000000000000
0000000010000000000
0000000010000000000
0000000010000000000
0000000010000000000
0000000010000000000
00000000000000000000
00000000000000000000
00000000000000000000
00000000000000000000
00000000000000000000
00000111110000000000
00000000000000011111
00000000000000000000
00000000000000000000
00000000000001100000
00000000000000000000
11111000000000000000
00000000000000000000
00000000000000000000
00000000011111000000
00000000000000000000
00000000000000000000
00000000000000000000
00000000000000000000
342 381 145 360 332 247 229 352 248 313 167 362 397 64 348 158 382 249 371 171
311 166 110 274 202 190 132 30 149 104 294 220 91 103 85 176 99 320 94 292
75 196 22 392 279 153 69 372 140 36 355 73 324 80 339 358 182 364 5 142
328 282 31 400 278 86 395 242 216 25 138 353 111 370 4 387 265 92 143 314
199 316 12 291 296 119 309 297 270 379 147 354 148 357 121 88 378 185 20 391
90 275 246 10 203 235 212 16 192 41 87 205 134 302 163 126 156 52 293 239
207 124 385 273 194 331 276 221 84 169 40 11 318 191 8 366 236 188 39 326
70 62 306 60 224 284 281 95 61 101 222 283 262 329 351 213 301 122 164 130
189 49 238 368 129 144 380 23 46 45 76 398 346 363 376 260 115 206 58 211
195 359 53 250 253 252 330 32 97 173 17 307 396 230 96 256 269 300 139 68
79 186 377 227 89 295 54 72 9 343 21 57 399 67 184 367 107 389 157 337
259 349 102 209 15 33 383 24 304 19 34 114 334 35 240 255 1 234 217 204
113 310 317 373 59 386 183 180 231 290 172 117 388 108 141 308 118 263 136 71
365 2 116 37 155 93 27 244 225 135 200 112 43 82 179 243 264 218 165 77
146 100 232 131 226 327 261 341 369 271 47 7 268 128 345 393 251 277 29 42
333 162 384 50 181 197 280 161 187 78 152 127 257 237 315 319 312 55 177 241
198 340 6 335 106 13 28 174 105 254 123 193 160 321 286 3 305 375 258 322
266 98 219 48 168 26 150 394 272 125 51 356 65 325 38 215 56 323 350 338
137 298 299 83 245 14 154 347 81 74 201 214 133 303 170 336 223 228 287 44
361 390 120 288 374 289 66 18 175 344 178 109 233 210 63 267 208 159 151 285
