12 30
00000000000000000000000000000
00000000000000000000000000000
00000000000000000000000000000
00000000000000000000000000100
00000000000000000000000000100
00000000000000000000000000100
00100000000000000000000100100
00100000000000000000000100100
00100000000000000000000100100
00100100000000000000100100100
00100100000000000000100100100
00100100000000000000100100100
00100100100000000100100100100
00100100100000000100100100100
00100100100000000100100100100
00100100100100000100100100100
00100100100100000100100100100
00100100100100000100100100100
00100100100000000000100100100
00100100100000000000100100100
00100100100000000000100100100
00100100000000000000000100100
00100100000000000000000100100
00100100000000000000000100100
00100000000000000000000000100
00100000000000000000000000100
00100000000000000000000000100
00000000000000000000000000000
00000000000000000000000000000
00000000000000000000000000000
000000000000000000000000000000
000000000000000000000000000000
111111111111111111111111111000
000000000000000000000000000000
000000000000000000000000000000
000111111111111111111111000000
000000000000000000000000000000
000000000000000000000000000000
000000111111111111111000000000
000000000000000000000000000000
000000000000000000000000000000
000000000111111111000000000000
000000000000000000000000000000
000000000000000000000000000000
000000000000111000000000000000
000000000000000000000000000000
000000000000000000000000000000
000000000000111111000000000000
000000000000000000000000000000
000000000000000000000000000000
000000000111111111111000000000
000000000000000000000000000000
000000000000000000000000000000
000000111111111111111111000000
000000000000000000000000000000
000000000000000000000000000000
000111111111111111111111111000
000000000000000000000000000000
000000000000000000000000000000
765 880 707 549 129 610 127 86 53 32 772 131 87 404 258 665 282 641 155 573 546 884 97 810 871 9 836 560 432 777
782 359 398 684 661 759 603 673 815 357 375 350 380 351 91 178 379 620 846 138 713 39 387 113 895 669 778 81 838 410
626 135 286 13 775 454 796 756 325 535 188 476 50 617 636 247 717 265 30 271 542 452 208 455 511 368 301 615 251 752
65 25 656 587 429 123 451 792 589 217 154 246 121 829 827 111 152 386 141 167 501 275 360 339 372 602 763 336 158 873
463 322 733 882 460 559 139 90 649 171 18 169 729 633 134 109 803 191 249 424 869 795 263 545 449 688 417 652 739 578
642 426 533 631 107 670 751 384 289 383 812 525 613 52 352 534 189 143 204 26 416 695 771 362 272 498 823 78 428 552
298 397 29 77 274 385 893 291 324 863 821 261 605 494 328 712 253 128 817 749 497 447 601 210 864 303 532 226 102 8
888 563 874 472 687 99 450 31 304 685 722 891 453 334 176 819 867 266 599 499 479 202 885 237 51 160 431 443 101 663
632 800 388 95 89 758 481 536 164 224 7 437 280 395 173 321 797 892 674 830 132 72 770 12 363 554 485 21 502 294
650 305 376 679 242 122 180 540 469 639 655 130 856 776 296 727 858 35 241 194 755 657 607 73 507 510 894 396 22 496
526 555 45 614 211 287 199 84 780 783 597 57 70 738 746 346 561 671 701 316 686 557 899 736 544 145 583 586 861 644
330 120 735 300 374 634 702 621 378 855 574 401 285 623 745 223 195 719 11 491 465 329 697 767 227 66 60 47 678 865
98 645 181 161 576 62 182 406 514 46 509 851 88 660 683 203 814 741 503 133 577 240 825 269 889 366 337 725 551 218
808 473 235 40 254 505 393 142 638 212 853 222 436 236 519 591 627 76 731 238 531 293 153 466 832 71 643 788 611 676
524 862 515 558 480 550 5 61 704 840 371 724 570 221 530 446 720 408 486 662 119 67 306 268 762 196 677 562 283 27
464 56 333 427 163 781 279 248 58 419 295 175 680 243 760 682 548 172 335 518 64 159 369 183 742 63 93 850 69 354
478 256 721 647 435 831 571 764 699 326 349 887 400 604 355 569 353 750 156 10 769 389 55 477 314 33 458 244 24 124
879 409 422 619 875 837 572 870 332 42 483 214 508 651 606 430 192 890 402 484 799 456 267 277 415 193 405 521 151 584
541 786 900 148 822 104 433 849 338 666 36 234 17 698 740 564 264 640 438 667 441 108 883 753 774 259 609 513 28 445
528 575 117 190 403 394 826 297 658 281 710 461 118 166 96 843 100 187 358 125 694 2 459 543 754 859 700 625 361 779
19 126 43 630 747 80 434 68 270 791 468 185 310 565 654 714 773 309 442 490 308 420 377 170 140 444 105 186 801 646
177 854 37 79 585 824 833 811 168 411 215 580 344 553 844 690 174 345 83 23 340 579 834 527 793 860 592 718 581 595
708 789 608 147 198 737 556 835 157 516 381 877 618 726 197 820 802 260 489 705 382 278 675 672 897 818 440 365 794 896
848 228 44 471 59 537 318 839 828 92 629 370 590 512 391 734 653 319 596 342 790 341 730 568 785 448 868 38 881 4
231 144 184 85 716 49 637 116 206 693 470 475 582 112 54 315 807 628 648 504 681 706 229 213 816 373 162 857 798 520
757 538 566 225 474 692 547 16 250 506 392 886 616 106 399 689 327 488 273 110 487 659 311 588 307 439 482 805 898 205
200 711 209 664 343 239 414 748 137 331 48 150 114 804 74 761 876 423 312 866 457 407 356 492 255 94 103 425 500 806
421 696 207 34 1 14 594 813 317 6 323 257 691 766 82 364 412 136 299 522 115 262 809 784 219 523 723 743 845 75
413 841 201 232 462 600 593 744 598 495 15 230 165 290 252 149 179 732 347 878 768 624 852 622 539 390 847 233 216 313
20 292 302 320 709 635 668 245 367 348 284 567 529 3 715 612 418 872 728 787 41 276 703 288 467 517 220 146 842 493
