13 30
00010000000001010100010000000
00010000000001010100010000000
01000101000001000001000101000
01000101000001000001000101000
00010001010100010100010000000
00010001010100010100010000000
00010100000001000000010000010
00010100000001000000010000010
01010000010100000000000000010
01010000010100000000000000010
01010001000001000000010101010
01010001000001000000010101010
01000100000101010001010000000
01000100000101010001010000000
00010001000000000000000001010
00010001000000000000000001010
01000001010100010100010100010
01000001010100010100010100010
01000100010000000100000000000
01000100010000000100000000000
01010100000100000101010100010
01010100000100000101010100010
00010000000100000000000101000
00010000000100000000000101000
01000001010001000001010000000
01000001010001000001010000000
00000001010000000100010100000
00000001010000000100010100000
00000100010001000001010101010
00000100010001000001010101010
000000000000000000000000000000
001100000011110000110011000011
000000000000000000000000000000
001100111100000000110000001111
000000000000000000000000000000
001100110011001111111111001100
000000000000000000000000000000
000011001100111111110011111100
000000000000000000000000000000
001111110011111111001100111100
000000000000000000000000000000
000000111100000011000011000000
000000000000000000000000000000
001100110011110011111111000000
000000000000000000000000000000
000000110011111100110011111100
000000000000000000000000000000
000011110000001111111100110000
000000000000000000000000000000
001100110000001111001111110000
000000000000000000000000000000
000000110011111111110000001111
000000000000000000000000000000
000011110011001100110000001100
000000000000000000000000000000
111100111111111111001100001111
000000000000000000000000000000
110011000000111100000000000000
000000000000000000000000000000
720 296 293 650 627 776 726 612 197 406 303 89 112 316 533 415 588 174 522 749 813 3 823 429 263 731 821 690 785 729
658 580 59 246 819 225 420 495 97 577 432 411 366 599 549 804 343 586 82 79 784 640 380 257 565 15 598 388 41 758
365 850 238 794 84 421 681 891 528 251 321 350 459 106 2 312 697 307 40 705 456 515 443 739 542 531 506 245 423 626
354 788 109 855 339 557 111 419 31 403 693 335 428 560 789 363 178 445 12 457 874 713 552 276 154 765 509 689 298 668
502 24 215 535 655 282 543 7 166 617 458 211 401 400 33 828 193 247 355 875 469 63 234 271 120 208 322 607 639 306
763 351 269 724 37 631 254 503 715 39 362 734 633 498 10 566 262 107 696 842 500 750 344 473 751 266 294 182 387 614
227 240 786 679 757 57 539 190 638 32 189 802 866 628 733 392 216 477 45 538 787 736 578 822 553 23 864 486 701 885
644 728 824 881 737 687 66 253 51 102 222 352 583 93 96 231 867 827 180 667 136 755 900 562 16 274 610 798 221 526
848 812 259 649 745 289 292 179 488 838 121 516 126 195 204 491 21 22 103 621 228 295 138 318 541 407 124 165 762 239
80 747 167 719 156 417 659 168 50 327 54 372 651 581 547 402 474 634 185 212 412 155 663 752 252 210 780 834 67 742
615 49 159 809 579 108 153 602 416 609 735 26 141 527 313 862 256 273 446 665 466 36 545 570 113 283 625 893 629 291
17 27 840 831 479 94 226 592 361 324 142 595 232 81 272 447 341 285 536 597 778 744 241 795 191 478 278 157 58 357
706 163 519 512 439 78 886 223 462 660 791 657 517 444 508 261 332 605 572 793 523 404 311 317 558 738 714 219 360 653
314 235 711 14 700 620 806 895 117 471 685 145 725 857 688 122 169 62 670 147 878 851 396 861 431 170 636 13 666 594
461 455 879 440 481 115 869 192 137 571 379 698 641 672 125 390 820 764 383 348 662 384 513 91 808 748 779 196 42 775
859 753 408 11 268 576 635 441 242 209 181 877 782 501 184 883 767 718 568 451 28 175 426 847 4 589 427 708 492 119
69 132 206 613 171 760 532 872 550 591 38 521 161 172 258 856 754 46 279 624 286 460 194 887 686 830 434 433 534 398
499 130 88 305 490 333 217 656 574 618 338 336 358 5 214 229 71 772 375 200 409 833 692 811 603 773 732 35 68 452
349 807 320 44 353 374 308 346 391 207 198 608 267 480 76 287 309 604 684 334 265 555 177 740 448 378 756 716 766 482
630 897 674 202 677 852 888 356 30 567 898 116 683 325 250 368 682 858 584 899 436 880 243 839 449 743 60 284 642 186
774 890 475 896 678 371 777 424 645 889 510 237 769 472 646 150 220 548 213 144 730 393 129 559 173 345 61 418 134 264
359 205 892 288 816 105 77 337 277 860 699 870 425 799 85 405 6 199 260 450 176 863 146 275 497 489 496 187 133 484
395 128 832 746 218 825 369 373 818 376 524 315 587 83 470 386 814 151 75 188 453 382 255 648 575 796 722 29 281 413
110 414 835 248 152 158 721 233 123 511 703 73 201 399 826 9 367 329 148 800 529 394 845 768 694 504 759 101 485 514
815 871 652 230 422 564 569 846 430 56 505 836 544 454 127 554 600 464 518 290 593 74 805 704 224 801 882 803 676 160
20 72 442 884 494 149 183 377 530 723 493 761 647 675 810 709 601 817 702 381 319 573 525 691 70 563 781 326 854 741
632 671 19 48 616 673 244 52 385 849 507 98 53 783 476 131 717 797 669 654 323 104 841 582 203 86 661 771 280 164
297 90 707 370 302 467 792 299 623 465 328 876 64 790 437 853 540 18 643 596 894 619 347 331 487 8 249 664 611 330
463 364 300 43 65 637 310 606 100 868 829 143 92 47 483 55 389 837 139 695 537 438 770 561 468 162 844 435 520 236
135 270 680 397 340 727 342 843 622 118 712 95 25 114 34 99 301 546 551 304 410 865 873 590 1 710 585 140 556 87
