15 40
000000000000000000000000000000000000000
000000000000000000000000000000000000000
000000000000000000000000000000000000000
000000000000000000000000000000000000000
000000000000000000000000000000000000000
000000000000000000000000000000000000000
000000000000000000000000000000000000000
000000000000000000000000000000000000000
000000000000000000000000000000000000000
000000000000000000000000000000000000000
000000000000000000000000000000000000000
000000000000000000000000000000000000000
000000000000000000000000000000000000000
000000000000000000000000000000000000000
000000000000000000000000000000000000000
000000000000000000000000000000000000000
000000000000000000000000000000000000000
000000000000000000000000000000000000000
000000000000000000000000000000000000000
000000000000000000000000000000000000000
000000000000000000000000000000000000000
000000000000000000000000000000000000000
000000000000000000000000000000000000000
000000000000000000000000000000000000000
000000000000000000000000000000000000000
000000000000000000000000000000000000000
000000000000000000000000000000000000000
000000000000000000000000000000000000000
000000000000000000000000000000000000000
000000000000000000000000000000000000000
000000000000000000000000000000000000000
000000000000000000000000000000000000000
000000000000000000000000000000000000000
000000000000000000000000000000000000000
000000000000000000000000000000000000000
000000000000000000000000000000000000000
000000000000000000000000000000000000000
000000000000000000000000000000000000000
000000000000000000000000000000000000000
000000000000000000000000000000000000000
1111111111111111111111111111111111111110
0111111111111111111111111111111111111111
1111111111111111111111111111111111111110
0111111111111111111111111111111111111111
1111111111111111111111111111111111111110
0111111111111111111111111111111111111111
1111111111111111111111111111111111111110
0111111111111111111111111111111111111111
1111111111111111111111111111111111111110
0111111111111111111111111111111111111111
1111111111111111111111111111111111111110
0111111111111111111111111111111111111111
1111111111111111111111111111111111111110
0111111111111111111111111111111111111111
1111111111111111111111111111111111111110
0111111111111111111111111111111111111111
1111111111111111111111111111111111111110
0111111111111111111111111111111111111111
1111111111111111111111111111111111111110
0111111111111111111111111111111111111111
1111111111111111111111111111111111111110
0111111111111111111111111111111111111111
1111111111111111111111111111111111111110
0111111111111111111111111111111111111111
1111111111111111111111111111111111111110
0111111111111111111111111111111111111111
1111111111111111111111111111111111111110
0111111111111111111111111111111111111111
1111111111111111111111111111111111111110
0111111111111111111111111111111111111111
1111111111111111111111111111111111111110
0111111111111111111111111111111111111111
1111111111111111111111111111111111111110
0111111111111111111111111111111111111111
1111111111111111111111111111111111111110
0111111111111111111111111111111111111111
1111111111111111111111111111111111111110
0111111111111111111111111111111111111111
1111111111111111111111111111111111111110
10 665 491 1110 1427 1329 535 735 790 903 329 879 825 511 1428 610 970 1483 788 1102 638 626 1593 1490 1418 269 1339 1430 74 61 526 1409 957 1054 48 1083 527 648 1327 1335
634 1396 88 734 1124 818 576 168 644 63 1353 717 887 1217 1037 134 684 1088 980 284 967 654 961 1405 657 1140 120 1297 148 1539 1425 152 1145 1234 915 131 1527 1582 865 1185
1259 1324 674 1511 1545 210 1536 603 620 866 1365 938 1509 1288 520 1071 689 1464 670 994 660 509 228 613 1020 77 116 385 452 757 952 277 465 187 1373 355 1394 477 497 1257
376 1542 76 363 499 953 1577 1036 13 1436 349 632 997 135 737 406 659 294 569 194 1326 34 1584 471 1043 805 240 836 841 1249 673 285 1157 1125 54 1045 434 733 450 384
340 1332 692 128 113 1022 954 1319 1588 1503 517 1366 243 519 1500 1591 1053 1356 1065 1057 809 171 929 979 1590 663 411 760 977 1294 965 647 1595 315 604 235 862 1095 892 1029
1067 649 1552 336 1441 829 563 883 1167 889 1051 800 609 712 1202 1592 832 1300 353 1351 1012 1230 1518 764 1449 686 162 538 782 487 23 562 702 154 203 89 369 1001 687 636
1362 1570 515 1122 682 859 922 1106 1241 1597 1393 905 126 1192 918 1318 1392 290 115 536 1116 902 472 585 1459 616 898 539 881 1296 482 1370 1497 966 155 1426 768 1386 275 41
763 364 365 468 1445 202 964 1130 502 1514 409 322 79 1204 658 1295 1358 726 1359 200 366 789 16 550 427 651 227 756 206 1040 681 699 173 1482 503 370 238 191 263 653
547 1516 857 600 226 1018 771 934 941 1205 691 850 1208 1091 500 1028 1238 795 1112 431 948 1252 407 268 1030 1543 67 827 18 998 17 185 595 1193 705 1522 184 1254 12 1437
551 1292 246 867 301 1268 543 1188 1429 354 796 1470 1548 1049 262 451 247 697 1565 9 996 1463 1152 1416 1454 1383 1278 925 1532 1087 102 722 144 207 1109 449 1520 1033 974 272
504 1496 70 1493 60 847 1196 507 1433 715 245 837 780 72 1200 549 1100 530 1118 1451 1415 1129 688 599 1000 495 1222 944 446 326 1170 271 1275 179 1282 1431 765 1162 548 1369
707 490 445 443 19 1077 1488 1074 198 209 816 711 1460 894 1279 1101 1248 1024 78 524 98 963 1014 643 1553 1375 86 170 483 1066 884 1075 888 589 629 740 662 1422 291 561
573 749 1331 1378 1346 1563 313 423 754 112 255 1333 297 416 145 91 1528 546 861 641 1290 661 435 1458 758 985 840 542 1538 1284 1180 912 138 1336 221 82 1061 68 1163 1214
383 279 830 727 578 1126 93 592 814 640 1578 1501 1158 377 71 1446 1105 848 927 1413 856 845 122 473 341 1424 1184 1399 791 1411 1050 30 324 1435 1398 716 429 683 1364 566
1044 627 559 1287 899 786 28 1440 26 1407 1256 1197 512 1245 270 388 556 1498 467 1534 1298 584 565 1069 236 1052 27 1078 1097 637 646 1190 146 181 22 1400 958 1472 508 1510
993 192 675 233 1096 773 784 1322 494 1070 11 1345 1352 1220 839 321 759 774 1434 394 608 719 49 133 1533 1048 1168 1554 1194 298 7 164 1423 110 1544 751 505 56 166 1594
1132 583 1566 1159 1325 1207 323 1010 486 878 976 371 65 2 1310 880 232 1142 462 335 1389 1251 1499 1084 772 1165 53 1141 541 1178 1203 1082 142 981 501 31 1175 39 453 1589
1567 84 1316 257 858 183 175 743 639 900 1467 1215 781 1115 1558 244 300 1447 959 973 731 1277 1128 1121 75 742 292 439 680 480 1182 1242 801 253 855 440 1111 1507 703 1569
1323 438 1371 314 931 1240 736 978 299 1149 1038 635 254 685 1172 1076 1266 199 968 1155 306 346 568 989 177 281 1508 1107 874 1272 158 190 769 783 516 1521 1039 1457 293 1486
251 1587 372 62 374 474 907 256 908 623 1021 732 389 338 1550 852 932 1432 428 241 485 143 844 1556 828 309 1531 437 557 552 307 330 1232 470 1015 1005 424 937 1502 1286
1600 395 624 1495 1225 14 352 1361 1098 799 87 1354 821 1468 444 1338 1526 201 1195 318 333 1201 755 66 926 910 165 1387 319 1465 730 331 991 1092 59 1085 195 890 1452 935
886 872 1089 278 1311 1137 877 1305 1341 455 327 1218 746 766 463 1456 303 425 1476 90 919 37 1181 987 1223 95 656 906 851 391 969 475 392 149 1270 156 258 704 343 103
671 1572 114 1328 211 1063 73 920 513 1574 481 896 1283 1560 1239 709 1094 677 125 400 1549 1487 493 794 375 350 1099 117 1212 1299 1139 701 106 1016 650 1186 1583 83 1376 189
1546 1255 995 1303 1046 574 1541 1055 1450 770 1113 1264 220 147 345 1174 1403 230 1504 835 1494 777 57 280 80 1211 775 975 923 748 1388 1047 1420 1525 885 347 1023 724 1421 1320
1103 787 137 1313 831 51 360 1233 1564 466 1557 161 1119 412 390 1060 532 441 744 1384 1529 1519 1123 1307 917 1537 1253 225 1540 597 1439 1114 1390 387 1401 785 1301 860 20 1219
564 1408 1247 895 328 1011 631 118 1419 725 1246 750 172 986 24 1306 721 426 121 85 664 46 1555 1227 69 1517 1150 205 405 1056 666 1363 140 1357 854 174 591 1183 506 403
356 250 761 753 630 1385 1209 823 410 304 607 1513 259 1381 402 882 1250 1013 983 50 553 1571 1402 1226 1058 815 1581 295 812 544 560 570 1148 1469 633 936 1337 242 625 614
713 469 186 21 678 249 380 5 955 273 1443 1515 590 196 817 1348 706 942 729 224 1312 988 1314 1267 337 150 798 1035 943 127 1293 545 605 264 1343 457 1321 1414 1258 448
52 586 580 1576 587 1475 992 362 404 496 35 921 962 459 359 92 1131 1368 960 612 157 344 1151 1120 1410 581 38 945 807 397 752 1176 1236 267 853 1191 1004 1573 1025 108
1379 924 368 1229 1169 767 1080 430 558 422 1380 971 1147 1231 930 274 44 399 1041 949 1198 628 325 1273 1127 528 132 334 302 696 316 849 1479 1535 312 107 129 33 1412 317
1455 1265 1017 864 1156 1134 622 571 1064 432 514 265 266 153 1474 64 1377 130 808 1154 582 1547 1347 601 555 15 1187 1262 672 381 1274 745 219 1308 1189 223 1002 824 1271 367
531 1280 100 305 310 286 55 458 710 260 213 94 1008 1261 1199 461 698 718 214 217 540 1506 231 237 1489 1523 261 204 947 838 182 8 834 420 1269 1559 793 529 417 1173
1580 373 946 803 870 1596 869 1093 218 139 667 1355 1135 1404 1285 990 229 901 1276 408 521 339 1136 1117 873 588 811 342 523 1382 252 778 1104 141 47 159 575 871 819 4
1349 1026 1281 109 1166 215 645 1153 537 621 1367 176 522 1551 419 956 1309 1473 288 891 655 939 1302 1221 606 282 401 1032 1177 1164 846 893 842 1243 414 1561 1442 933 99 398
700 1086 1079 1448 1417 741 1072 32 1034 413 1031 984 81 1009 1291 488 454 208 1350 594 1395 618 348 1171 393 45 1006 776 289 1210 489 525 875 534 1342 593 492 167 396 876
1360 1138 615 498 617 456 779 723 357 720 747 1144 1485 619 598 136 311 25 804 1 972 1160 308 728 386 287 1461 3 928 1108 97 652 679 1263 1453 379 1206 276 693 1007
1146 1374 951 1068 739 1391 1081 826 1090 484 296 6 820 1003 822 421 1481 914 361 668 415 916 180 447 1478 104 1133 1477 216 40 940 1586 29 611 1304 151 382 1575 897 1598
1062 1224 1216 1466 1330 332 904 554 1406 478 1484 792 1492 1315 1568 283 436 464 1438 123 911 1237 234 124 193 1228 188 1073 1027 738 843 999 714 602 533 1344 1524 813 806 1372
577 1599 690 222 1213 762 669 1579 169 950 101 708 1161 1334 320 1585 1244 119 58 178 1462 1143 868 36 1317 913 1530 642 572 351 1512 1340 695 212 1471 1260 1444 96 160 1562
105 1505 579 248 802 43 518 1042 1480 909 833 378 1019 510 479 111 1491 197 567 239 1235 442 982 596 694 358 1179 163 810 676 433 1059 418 797 1397 863 460 1289 476 42
