17 50
0011011001110000100001010100101011001101011011101
0101100010100111100111101001111001101001001001100
0110100110011101101010110010001010010011110010011
1011011110001010010101010111100001101111011001100
1011101111100101111000100011101110100010101101101
0111100011011110110011001110010110011101100010110
0100100011010000000000110001101010011010101101001
1011000001110101100100001101010101001111010111000
1101000000111011011000011000000100000100010001010
0101111101100000000100110101000011110100001010111
1010100001001001010000010011110100101001110110010
1100111101001110100111101010100101000010101111110
0000100000110011010000001001110100101100010111010
1110110110100101101111010010010110001110101110100
1101000101101100011101001001000100111110101110111
1111110110111111000111100001001000010101001001100
0000010000001001101001010010101100110100101011001
0011001000110010100100001101101000100010010100101
0100101111011111111101010001110101011111011011001
1011001001011011000101111011001001001000110001010
0010101011111011011110011100001100110110101100100
1101110101001100000001010101001000001001110110001
0011001001010101001001000011010100011010010101111
1011010000110101100011111001100010111000010000010
0000110010100110010110101010010100001000101110000
1011100110010111011010010100101111010110010010110
0101000010011101111001010101011011101010110100011
1110001110100010101001010000001101010100011010010
0000000011000110001111110110101110101100100011011
1010011110000100101100100011100011001110000010100
1010100101111101101101100111101011110110100011110
1100111010101100011101010101111011001111100110010
0011110101100011001101001110101101011000001100100
0001010110010111010011100110100000110010001011111
1000011000000011101000110011010110100110101101011
0011000100101001000100001100001010010000101110011
0000010001111010000010001000001100110101110101001
1011100101100010101100011110001010010100100000110
1001111111000001101010101010000101001001011101100
0110101010000000010001010101101010101111000111111
0111111101110101111010000001001011010101101100101
1000010110111100101101010100011111001001111100100
1001010011011111000110111110001110001011000110010
1010101101101001101100110111000010111100000010001
0010100000100100100101100000101011110111110110100
0011011101101111010111101001100100000100000110011
1111011111010000000110111110001101001110010010000
1110010110010001101100001001011000011000111000001
0110101001100100101111101011001100111000000011001
0000011110100010101001001100110000110010010000100
01000101000001110101011001010100100100100100100010
01100011001010000011100000110000110100110011000001
01011000111100011100010111110100100111100100111010
01000011000101100010110110001110010010000001010011
00000100001001001101100100100101001100110100110000
10000110100100101001110111000100101110100010110011
01111011110110010111011010101101101100011111000110
11001101111010100011101110110101101011001010100111
00010101110000111101101000011111000011110100100100
00011010010111110111011111010111101110110001001010
00010100101011100101010110100010110011010100000110
11110001111010000111101101000001100100111111010010
00010001011001110000001011011011001110010000100001
10011110000100101000100111110110011001111100010101
00010110011001011101010110111100110100000101010000
01001011001010000101100010101100101010111101001101
01101101111101111100101110010101101101001010100100
10101100000000000100100111011101101110000110100110
10101011011000100011100001100001011001101001101100
01101011001000110101010101001011110110110101100011
01010001100010001100011000011010110011001110101111
10000100011001011011111011110111111001000001011000
01011111011110111101010011100001110011110110010000
10100011001010000001001001011010010101111101001111
11111011111001001101010010110011000100011000111101
00100011011101111000111010011110110111110101110000
10101100111010100011011101101000000010011001110111
00011011000011010100000001111110100100110000111010
11011101011011010100010110000011010101011110100000
01011000111001011110010110010100100000101011101010
01110010100010110100101010000010101110001011000111
00100000101010001000011111000001001001010010001001
11001110010101101111110100011010110001111100110000
11011000011010010001001010010011011011110100101100
01001011110011000111110101100101001001011101000100
11011101110001011101110110101110011101011110100100
00100101100111001101101100101110111001010010011111
01110000001111000100110101010111010101111000100010
10001011011111101111011011010111101100000111001101
10100000101001101000100101100011011001010100100000
11001011000101100010111110100110101110100000111010
01101110000010000111100001110100001101110111110010
00100011011000011111010000001100010010001110011110
00111010010111010010100010011100111001110110010010
01101101110100100001000110110011100001001001011000
00001000011110011011001101011101110110001101111101
11100100000110111100101000100110010101110100111011
00001000001011010010101011001000110011111011001110
10010100000110101010010100110001110001010101110010
1273 1801 1263 1225 1322 1847 2152 2416 2477 1698 1743 1780 129 924 826 1820 1185 839 898 249 1482 94 1343 1178 1410 697 1170 145 1952 1479 636 854 516 2242 1177 1093 1476 2193 1619 739 1379 951 852 161 420 81 995 634 391 2255
2454 1193 152 418 720 656 1750 1396 209 1250 1364 2354 311 1638 1805 1102 149 2 889 1829 357 414 2293 2355 849 932 2194 410 28 123 1615 1348 2427 2074 1015 853 645 1098 1490 501 1845 1840 2114 523 1913 1587 1481 1449 63 1403
183 338 930 1614 920 802 1666 1328 2292 2053 124 112 67 2163 599 1528 1085 2237 1469 1159 640 567 2309 233 108 36 460 1633 513 370 1024 1826 1271 2159 136 1823 185 992 994 1107 722 1771 1239 882 1080 658 1451 351 438 61
2082 2280 279 2032 1834 1842 1412 277 171 2456 1109 530 2154 2307 2264 1985 888 2027 2106 182 1499 1301 403 2155 1309 856 2219 1789 1163 1839 1990 1491 921 2175 2232 1000 378 289 710 1984 2037 1164 39 1231 1473 547 1422 2182 1472 1191
1996 448 1650 580 1025 439 2310 1921 797 227 2405 452 650 1843 1221 765 1223 1108 2079 864 2198 223 1966 1777 1289 478 348 2471 1811 877 267 1183 1229 2493 1994 2239 1906 571 843 2086 1746 2432 2020 1074 479 1425 1600 2278 708 116
724 1311 2218 200 2424 224 1007 1218 1196 615 1452 519 450 830 908 1674 1825 1692 361 2083 1248 90 2338 2327 614 1190 2099 1812 1589 1115 1689 1611 946 2262 141 2364 2022 1751 1126 242 1578 430 175 1932 1852 741 603 511 867 443
40 1549 693 1532 109 1304 690 105 687 1537 1068 2485 2039 1991 929 263 15 1317 2021 1073 2368 850 686 1992 1876 1069 2235 1165 1763 325 2419 925 1922 1106 536 872 1448 621 1219 844 533 2109 1770 57 868 2442 329 1901 2412 787
660 2028 1363 1963 1056 2111 2001 1375 1895 1803 759 1155 1701 1647 1824 308 1310 91 455 2214 1089 2380 1484 1525 866 1082 796 405 1181 1786 2265 1240 261 1104 1075 2117 56 2247 833 1931 1244 814 68 1737 1485 917 214 101 1940 2319
910 769 978 1962 1800 2490 373 1211 1607 2080 1256 2349 1785 702 1631 440 1903 1216 1986 528 400 174 736 2304 2348 1998 1956 806 740 201 1420 1849 47 1047 1884 1347 1657 1137 1818 1677 1500 162 424 113 2263 1548 18 499 887 1202
1027 1612 804 412 2273 191 2135 1186 2290 1665 1399 1292 2081 1440 1953 570 2067 1209 2003 1753 1175 635 1691 659 869 346 2042 84 1670 324 2256 971 1017 70 1622 1512 1197 846 591 2023 2491 836 411 230 8 1404 1220 509 2388 54
1673 1596 1902 820 1854 1198 2241 1232 1254 631 1988 135 2492 2203 811 456 1686 698 2157 1414 1949 1269 1897 2458 1675 1048 2165 2043 192 737 1336 1656 827 1234 780 278 1261 1459 2376 1926 1858 1530 309 1768 1944 2229 1378 1761 2392 2147
238 2357 1977 2372 215 1513 959 1744 1716 679 1772 1153 2195 1144 730 699 2336 1857 966 2075 1116 1308 1276 589 1920 1583 1117 1506 1055 1283 150 1629 1182 2011 1018 2107 1184 481 667 153 1103 1540 1891 2209 1930 2275 330 2337 2120 2153
2441 2455 512 2483 1128 1351 731 1646 2046 1086 2024 1300 2221 1848 812 1011 395 258 880 1463 754 1388 2301 2339 1911 1816 1226 2172 931 786 1222 2433 2351 1507 154 1217 1377 344 672 292 652 1828 1096 987 2360 390 1557 927 915 2145
1359 2382 2408 1590 2184 334 1065 1258 1927 1846 347 669 1877 524 1434 14 775 1624 590 388 768 2414 376 1136 2335 2387 1938 328 902 1385 2401 559 269 1667 189 1334 953 186 446 1562 2394 1371 1483 1287 1735 2326 1543 2108 784 2102
1653 2373 1519 788 20 1505 1415 239 1563 2213 973 1032 695 1201 875 982 1755 187 1586 558 2312 857 666 488 1515 1380 364 476 1841 2016 1696 1114 653 2279 2121 1788 1169 1416 515 1552 585 1719 1896 1668 529 2035 2115 441 350 282
1071 2347 641 568 1882 1444 208 97 1710 229 2015 1752 366 1465 1723 2169 317 2009 848 980 770 2460 1092 2050 1131 1574 894 245 1601 1392 984 45 1850 2428 50 1387 314 1331 2361 608 1550 1748 207 76 1014 1635 2470 2178 1863 553
809 643 407 534 360 442 1602 581 1008 801 893 646 80 1212 1645 13 1344 1496 1407 1604 38 202 707 35 979 782 1569 1077 674 383 1508 2266 617 1194 860 33 1821 318 2365 2445 1411 1206 1318 1045 967 27 565 2149 1995 228
761 2367 632 764 1534 2162 273 147 2176 2179 1941 1394 2004 763 1016 1408 517 1123 217 1467 2356 1517 1362 287 557 2097 993 1215 433 2119 1288 2499 83 955 2051 1865 883 2436 1705 1100 402 1660 2449 575 1727 728 24 1695 1588 1928
1400 1049 345 2018 246 1432 1937 2498 940 251 445 1059 2170 647 469 2410 1756 168 1523 1976 89 675 1009 657 709 837 2190 1119 16 98 387 321 1457 1321 1917 1654 1684 602 1088 293 2240 2464 397 1535 257 1757 1431 1054 540 1717
1708 1618 1581 1835 253 1681 77 1307 1959 2073 1277 79 2065 1738 815 2036 1429 1026 1395 477 706 1291 1053 1880 965 791 773 1983 948 618 1893 1087 354 630 1409 942 1148 1560 1238 1021 997 2305 19 1470 392 639 961 381 1268 1494
303 1167 1253 1039 774 1034 1345 93 1918 1621 2391 1693 1767 2395 1029 1909 1933 862 655 2341 1243 1664 1458 2207 1814 1520 988 1623 651 225 115 1608 1853 302 1504 1669 870 832 938 1101 158 1661 1678 497 520 1130 132 2334 1533 2061
1251 2446 2476 2113 491 823 2104 1861 1129 2328 1367 463 1599 855 1179 2482 1576 1180 628 2276 2064 2246 1124 1497 1730 1094 197 156 803 755 2316 2321 49 1565 842 1151 1398 2363 2465 753 9 2030 684 2234 969 1580 876 2317 419 506
2259 1722 444 232 1278 1929 1454 952 2212 1313 2306 1509 829 2012 600 677 1663 2425 1339 1679 884 1076 221 805 1150 2466 1389 1303 144 1453 771 1806 622 218 1335 1228 936 2206 22 663 627 2313 750 783 1582 111 1284 527 890 1958
172 2008 896 1579 822 2439 2322 975 1110 1146 17 2494 1332 1035 2431 2217 767 758 1975 2174 2071 1886 2291 1804 142 680 749 1703 1433 459 1936 1779 1374 46 958 2400 1320 1925 1791 1050 906 734 1358 1809 1915 1742 1888 417 521 609
322 1910 1980 742 1354 1714 2314 1143 542 1957 1892 1556 406 423 453 1270 1172 2125 426 1567 2031 1616 2222 323 2298 983 498 2005 2045 2443 1617 128 1883 1468 1122 1644 247 2227 1272 1139 950 2084 166 2404 1233 170 146 968 2095 1531
2180 1566 494 2231 2029 199 587 1132 1919 1079 2122 1898 1111 1460 549 416 2040 1766 176 1793 563 1822 1446 671 2197 1323 1947 1662 157 865 2418 2320 991 1844 1382 2390 1592 1545 1349 1462 1 871 485 486 719 2448 2346 2451 429 30
2033 41 1205 941 1864 1969 531 637 1324 164 1943 689 726 785 1871 2377 59 48 167 861 73 337 1694 550 1383 355 284 879 1158 2110 1353 2359 384 1424 2063 1421 428 905 712 1739 1265 1973 572 2161 1306 725 1536 2143 204 413
1585 779 396 705 352 1859 721 1591 1637 2282 914 1905 2481 2330 1200 841 502 789 1005 358 2274 110 935 2146 1176 2048 574 2474 1023 1369 1058 813 1808 1634 363 1672 748 1450 2258 341 2269 1315 1658 353 2385 1390 577 1699 526 55
1641 2467 977 1760 1346 125 2397 1538 2487 2398 2196 1636 425 716 2421 2056 6 122 404 2007 2350 2342 367 1199 343 1736 434 12 1999 2453 492 1498 913 126 792 2017 2166 2192 2308 2343 143 1495 1606 393 1510 1350 1091 1061 662 1038
291 1461 1704 711 1314 1838 1784 1544 489 795 2225 1133 2478 203 1620 2420 71 368 819 1187 2340 1340 691 752 1974 468 1195 1361 1942 103 2078 944 1214 1235 2496 1352 873 2296 248 727 2098 1856 1213 2422 256 2374 212 934 1370 320
51 2254 1004 163 181 399 604 1113 2171 2118 756 2129 751 828 1057 2495 1147 1406 989 1207 2132 556 2440 2362 909 2233 1754 1456 732 1782 999 1718 762 597 1267 1558 382 1464 2185 483 834 2300 2055 2479 1964 1402 922 119 213 281
1316 1890 316 2452 1887 1795 270 340 241 427 1570 2068 1553 1090 642 1792 2415 1357 1033 58 903 738 539 1325 259 1501 916 34 933 747 981 612 473 638 990 606 2238 1070 985 584 495 1731 503 1987 838 633 37 863 435 510
808 1655 1923 1702 1189 1051 92 1441 1725 327 1627 2220 1125 1373 398 1831 332 1659 385 1072 625 1683 1312 595 685 99 2472 2173 2034 1477 1869 624 688 264 1298 1282 1019 1294 594 505 254 362 2332 2285 1341 963 1572 2144 1043 2399
415 211 134 2167 1064 729 87 1945 895 840 2403 1524 1280 1171 2244 265 408 271 2294 1063 2379 1697 1264 2500 1685 1393 743 1682 2378 818 1492 1031 1759 2409 2041 2148 2248 331 480 2189 1437 1286 1442 1680 596 1475 178 1626 2103 140
2158 892 579 1455 2295 1613 1366 471 2345 169 250 1121 2010 537 544 661 1423 760 1559 2069 682 375 1417 1706 139 1832 2139 2094 1297 2044 379 926 619 717 1112 299 1157 1729 592 231 735 1894 272 467 451 1105 319 102 121 2006
1807 508 1305 1140 1081 23 1405 974 904 2137 2150 960 2177 1319 1885 1935 295 1330 901 1993 496 2025 668 1955 1527 2468 188 694 2370 1426 220 1970 1554 1118 466 1833 670 235 2469 1419 1474 777 2272 365 1764 1022 2311 2323 288 2013
696 560 2127 1837 1939 53 1609 431 1428 82 825 1948 532 2393 1249 1329 692 1134 1044 1161 1577 923 1337 2358 60 1916 260 2187 1564 198 2202 821 745 2160 342 2457 2164 1397 449 1732 1078 1561 1908 194 315 137 1099 538 1539 1652
1712 236 237 1603 610 1924 359 566 1290 2463 490 2257 1951 1774 703 65 998 1836 1904 2087 1873 2434 766 1097 75 2462 2090 1156 493 2484 2077 2429 1430 1593 206 2156 1342 210 1946 2223 1302 1293 1724 552 1914 106 2224 69 386 798
949 541 2057 947 72 2288 1967 746 74 891 1356 569 306 1252 487 535 1965 1798 2369 1285 436 897 1204 1707 1503 1720 1436 482 1642 371 757 723 1878 2417 2210 545 1245 1762 5 2181 464 1790 2287 349 1203 240 2250 268 234 799
1721 286 1052 1783 2089 1715 2430 1542 678 1241 1060 86 1135 1972 44 2389 2406 64 78 701 1787 1255 2384 593 1796 1120 2381 912 2488 2252 2183 2052 2315 2059 326 1997 193 1575 1168 255 1781 458 10 1493 1001 1295 859 1568 1526 1855
312 2480 793 2205 2286 389 1747 2200 1138 2302 522 1799 421 2486 461 1006 928 1547 2473 1830 962 1333 1040 2112 262 582 2060 1827 586 25 1900 548 1237 2215 1384 2450 1247 911 2383 937 1778 1486 886 1749 333 1630 1279 1700 673 42
2413 304 1555 29 1266 2497 1597 1042 1242 2131 1851 1934 2092 2435 733 1372 2375 2277 2019 654 1794 2105 1594 1815 2066 1649 1013 422 104 1084 7 1776 2353 1573 2140 2331 1480 2228 1192 800 216 1435 649 858 394 1095 878 2216 1230 2062
885 1037 1775 954 31 2186 1881 1874 2243 2444 1142 1041 1740 2253 900 561 196 1028 180 2270 369 465 623 2251 555 1281 2461 244 1899 2411 1262 2100 644 1173 2088 274 713 573 2426 851 1960 576 285 551 184 2191 117 1299 159 744
1733 1989 2402 543 514 1632 114 807 280 266 1868 564 1154 2208 1141 1690 1489 1381 127 2151 772 1651 1640 1598 1769 1246 2281 2101 297 1188 2116 356 1813 1625 2026 472 1391 283 1522 2299 824 95 2038 1541 835 2141 607 1208 1734 1466
2437 665 1368 1210 2128 2329 222 2249 1728 1502 296 374 817 1709 1443 2423 907 88 620 1275 1571 2136 776 810 1274 2133 996 1003 1584 96 1152 173 976 2142 1817 226 190 179 714 1326 437 148 475 1610 177 243 1875 605 401 305
1020 611 165 2049 1860 2283 2188 377 2489 1758 1516 2396 1643 1810 2201 219 2245 943 294 1067 1386 1174 2091 794 2459 130 507 1401 1907 2407 601 1518 2204 845 598 2267 1802 1797 290 2072 2199 2168 790 2261 1127 335 616 781 372 1260
939 1145 1867 1726 1711 2324 778 4 546 2333 2047 2271 1713 1879 945 310 1862 447 195 2303 1687 715 2344 1376 2447 2093 66 831 1471 1982 2058 85 2475 300 881 1866 2096 118 1961 151 1514 2284 470 11 1889 298 1259 1745 1030 1551
457 972 1688 1671 26 307 205 1912 1546 1981 1968 1236 1438 2138 1511 700 120 1478 1418 100 138 704 1487 454 1950 1413 1639 1872 919 613 2226 2124 957 1648 1338 1979 1162 2386 1978 1002 1227 1257 484 52 131 1870 1010 2371 2297 1773
583 1676 2130 1595 1439 554 1036 2014 1605 1083 2123 160 626 2236 133 2134 1819 409 1160 2076 874 676 2268 629 1066 2260 107 336 588 718 1628 1521 1296 21 562 847 2070 380 1741 1355 1488 301 432 2352 2318 500 1012 1427 970 664
2366 956 2085 3 462 1360 2126 986 2002 683 1046 155 474 2000 313 1327 525 1149 339 2325 1365 1765 1447 1445 2211 1954 816 681 2438 918 899 518 648 2289 578 62 43 964 275 276 1224 504 2230 1971 1062 2054 1529 252 1166 32
