18 50
0100100000001001000000001000010000100001000000010
0100100000001001000000001001010000100001001000010
0100100000001001000000001001000000100001001000010
0100100100001001000000001001000000100001001000010
0100100100001001000000001001000000000011001000010
0100100100001001000000000001000000000010001000010
0000100100001001000000000001000000000010001000010
0000100100001001000000000001000000000010001000000
0000000100001001000000000001000000000010001000000
0000000100001001000010000001000000000010001000000
0000000100001001000010000001000000000010001000000
0000000100001001000010000001000000000010001000000
0000000100001001000010000001000000000010001000000
0000000100000001000010000001000000000010001000000
0001000100000001000010000001000000000000001000000
0001001100000001000000000001000000000000000000000
0001001100000001000000000001000000000000000000000
0001001100000000000000000001000000100000000000000
0001001100000000000000000000000000100000000000000
0001001100000000000000000000000000100000000000000
0001001100000000000100000000000100100000000000000
0001001100000000000100000000000100100000000000000
0001001100000000000100000000000100100000000000000
0001001100000000000100000000000100100000000000000
0000001100000000000100000000000110100000000000000
0000001100000000000100000000000110100000000000000
0001001100000000000100000000000110100000000000000
0001001100000010000100000000000110100000000000000
0001001000000010000100000000000110100000000000000
0001001000000010000100000000000110100000000000000
0001001000000010000100000000000110000000000000000
0001001000000010000100000000000110000000000000000
0001001000000010000100000000000110000000000000000
0001001000000010000100000000000110000000000000000
0001001000000010000000000000000010000000000000000
0001001000000010000000000000000010000000000000000
0001001000000010000010000000000010000000000000000
0001001000000010000010000000000010000000000000000
0001001000000010000010000000000010000000000000000
0001000000000010000010000000000000000000000000000
0001000000000010000010000000000000000000000000000
0001000000000010000010000000000000000000000000000
0001000000000010000010000000000000000000000000000
0001000000000000000010000000000000000000000000000
0001000000000000000010000000000000000000000000000
0001000000000000000010000000000000000000000000000
0001000000000000000010000000000000000000000000000
0001000000000000000010000000000000000000000000000
0001000000000000000010000000000000000000000000000
0000000000000000000000000000000000000000000000000
00000000000000000000000000000000000000000000000000
00000000000000000000000000000000000000000000000000
00000000000000000000000000000000000000000000000000
00000000000000000000000000000000000000000000000000
00000000000000000000000000000000000000000000000001
00000000000000000000000000000000000000000000000000
00000000000000000000000000000000000000000000000000
00000000000000000000000000000000000000000000000000
00000000000000000000000000000000000000000000000000
00000000000000000000000000000000000000000001111110
00000000000000000000000000000000000000000000000000
00000000000000000000000000000000000000000000000000
00000000000000000011111110000000000000000000000000
00000000000000000000000000000000000000000000000000
00000000000000000000000000000000000000000111000000
11110000000000000000000000000000000000000000000000
00000000000000000000011111111111111111111111100000
10000000000000000000000000000000000000000011111111
00000000000000000000000000000000000000000000000000
00111111111111111111100000000000000000000000000000
00000000000000000000000000000000000000000000000000
00000000000000000000000000000000000000000000000000
00000000000000000000000000000000000000000000000000
11000000000000000000000000000000000000000000000000
00000000011111111100000000000000000000000000000000
10000000000000000000001111111111111110000000000000
00000000000000000000000000000000000000000000000000
00000000000000000000000000000000000000000000000000
00000000000000000000000000000000000000000000000000
00000000000000000000000000000000000011111111111000
00000000000000000000000000000000000000000000000000
00000000000000000000000000000000000000000000000000
00000000000000000000000000000000000000000000000000
00000000000000000000000000000000000000000000000000
00000000000000000011111111111111111111111110000011
00000000000000000000000000000000000000000000000000
00000000000000000000000000000000000000000000000000
00000000000000000000000000000000000000000000000000
00000000000000000000000000000000000000000000000000
00000000000000000000000000000000000000000000000000
11111111100000000000000000000000000000000000000000
00000000000000000111111111111111111100000000000000
00000000011111110000000000000000000000000000000000
00000000000000000000000000000000000000000000000000
00000000000000000000000000000000000000000000000000
00000000000000000000000000000000000011111100000000
00000000000000000000000000000000000000000000000000
00000000000000000000000000000000000000000000000000
00000000000000000000000000000000000000000000000000
1148 1438 1153 1214 686 718 1157 65 347 986 266 280 826 1879 1379 1965 829 2295 1838 927 184 1367 291 1025 482 1059 1184 1437 1359 1779 373 1992 2112 2010 2061 1897 120 1931 1504 2369 575 808 2449 1816 2263 1760 998 104 2028 1686
2056 2074 528 1993 1354 133 486 1493 522 737 1219 68 781 993 1640 743 2303 1406 844 1497 1894 1711 70 523 1935 363 1295 704 1424 475 585 1545 1759 1494 534 1481 856 708 92 2458 334 1383 1008 1147 2439 719 1940 823 1033 267
1012 1960 1261 1599 876 1178 2097 548 1859 1767 635 263 1079 1049 2395 1513 344 797 385 2088 2139 1888 933 978 1303 1413 633 435 731 1800 362 1263 2231 1078 1297 1177 1962 466 511 699 1561 162 821 628 329 2145 1085 712 2330 135
150 1211 1638 2499 793 302 1618 1976 277 1990 1206 2321 2094 1761 1755 1598 2408 15 1179 918 1814 2087 221 1659 2148 1029 450 1514 346 1853 84 1058 827 1356 1953 153 229 60 1612 840 1236 1000 72 1939 2471 269 420 1925 1021 1507
2412 761 2352 1623 1251 101 1040 1520 1799 2297 714 429 54 1924 931 1672 147 2200 367 415 1366 187 1244 1771 2432 1280 759 651 357 1322 1274 889 885 994 326 1235 1246 565 1221 1011 2238 406 1124 259 620 880 2418 1564 1893 278
694 2490 146 1579 281 1692 1854 2370 143 1890 1988 2162 655 1675 1222 2275 1260 1434 721 1001 940 1595 2468 66 165 375 2169 1777 1465 2212 1368 2235 2470 919 908 735 1682 696 1017 792 1456 1912 34 798 504 1574 762 1351 1619 1673
1113 2081 78 396 1302 1395 932 2302 2271 700 1215 2005 1075 1133 17 224 2076 748 1166 1491 2092 1877 200 368 2269 458 1364 232 423 1333 509 1022 1362 2309 2337 489 884 335 477 812 945 42 2315 1126 1027 1981 866 1170 942 159
2328 1482 427 1098 1783 873 811 356 2288 1738 654 2277 2 2100 2489 426 861 962 33 501 1421 1876 864 923 595 1930 909 2371 1195 112 1233 1400 247 2394 1911 768 1523 1296 636 1541 1088 2367 1223 2313 1656 2257 100 1508 518 1329
126 258 1811 887 1467 28 474 1841 476 370 550 778 464 763 108 777 1668 1036 972 951 2209 2072 2234 1005 1933 2495 1555 1152 988 2119 436 1168 697 824 502 1684 1571 1390 275 1501 1744 1243 1964 2190 2430 2189 1398 1376 2426 2320
1947 6 437 591 973 997 1445 1382 954 1125 975 674 521 29 1600 366 1135 189 1774 454 442 1353 360 2377 1363 1844 1439 338 1502 1885 2240 197 144 1385 681 1945 1936 1747 223 1808 560 155 926 774 2419 1100 350 2049 1546 456
865 303 380 18 554 1281 90 2101 1002 649 167 2331 1102 1412 2274 1373 732 27 803 2091 2144 1531 1754 1847 1446 2062 1852 2400 1151 1538 2243 1762 386 201 551 1796 425 264 806 684 1160 709 314 809 2129 943 734 1094 1528 348
505 290 953 1570 439 1323 1978 242 1950 1615 1864 1340 480 1637 498 621 388 862 74 1718 1785 1370 2207 1700 2355 1721 2164 1506 397 13 93 545 678 1678 2036 2258 2310 1644 1414 967 965 1566 741 1537 1408 641 1768 656 1384 838
1 2219 602 2351 1790 1142 1913 2387 1948 2425 188 742 1411 2422 1320 672 2080 343 647 1169 226 2492 2346 961 1063 952 2069 900 1781 690 2182 2316 653 2124 1283 250 1970 2445 1086 1369 1444 572 1891 233 1717 1308 573 1833 1137 848
177 894 2103 642 1419 1453 214 293 1128 1403 248 813 601 1548 794 2201 241 213 2109 399 1176 365 1746 1461 2227 1756 833 1923 1764 516 2453 2226 238 590 1573 2053 1111 2289 2168 1882 947 677 105 938 1576 205 2098 35 2123 1580
2403 1734 45 4 1477 1417 49 1225 137 1305 2450 2290 1642 2059 1687 878 1522 698 1631 849 246 1941 2283 1906 805 615 1254 1904 2161 331 1198 508 817 1106 2183 473 1521 292 2186 2308 1874 1824 1592 94 1289 119 860 1081 727 1272
449 1645 1921 1121 75 80 839 2456 2279 83 617 2455 1787 1123 222 868 1425 1216 409 1276 1090 1060 488 979 2454 1601 1680 1955 2459 1433 2015 899 124 625 2022 1519 1818 394 185 1469 1377 2378 1875 1856 1706 1525 533 928 43 1277
558 733 2151 1903 1330 1238 186 39 1032 2191 1633 2478 353 2249 815 1345 536 1806 2043 579 1026 2132 1117 2348 324 1839 766 2391 692 917 1832 2224 1724 1842 312 1020 1245 1715 2493 1884 2398 1694 1287 2054 2248 318 2174 411 946 249
671 461 663 444 1109 2013 1292 843 657 2359 414 1658 138 1471 1181 1489 1986 1780 217 1739 26 1259 1920 1462 675 913 82 787 1056 1271 2221 773 2452 782 48 1073 1298 891 553 726 964 724 703 2029 2121 2016 1335 785 471 175
1130 1914 2033 825 2368 1310 156 107 30 1378 1736 1319 2247 580 2068 1702 1938 272 1664 968 164 1334 441 1597 2106 2438 1474 637 515 235 2108 2428 287 664 1817 740 2051 2045 846 2301 1610 2066 632 1080 1436 2177 460 2149 2318 2336
158 676 31 1703 141 85 1926 1693 1928 256 1115 1416 1318 412 240 430 157 631 1061 1608 103 850 1304 758 446 24 2335 603 2270 1628 1422 722 2467 497 1837 1696 2023 701 21 1255 391 1963 578 2262 2241 1103 1231 2340 1900 2396
1054 311 2018 819 1145 597 2298 939 1810 2030 1649 586 679 1820 623 1386 1663 1210 1116 2417 325 937 820 1496 1442 1205 640 2167 1044 2002 1324 2411 151 1713 2362 1828 1712 2084 2202 1830 1338 1627 1782 1815 569 1850 1196 1809 966 1667
359 2311 2486 589 2364 2314 1927 2001 1391 342 1685 788 883 2343 1404 1450 1443 469 2160 666 535 2436 507 301 2431 376 109 1485 2393 1099 1975 1189 1062 1629 2401 814 2305 2071 1671 123 1500 807 1679 1387 1132 1361 1585 629 487 2073
607 2214 971 2265 949 1626 1588 1973 776 1007 851 1039 1834 2399 2208 557 1867 974 2386 1540 2381 22 981 2187 559 1845 513 890 1051 1161 1286 2350 493 1584 1291 687 2158 2280 2312 514 77 2110 661 736 715 604 1543 1593 2216 2334
173 349 2491 404 2048 1018 1917 2404 2065 1709 1617 2429 706 289 403 2435 2479 2444 1041 2484 907 354 912 2500 2180 902 322 1344 1748 1315 1479 340 760 1534 2462 1550 764 996 2259 19 274 169 1358 12 50 2135 276 383 2246 1427
1639 410 2325 2077 1112 2358 2385 934 99 841 306 1182 2433 2079 2494 2057 2349 1772 546 1138 1091 2457 1549 251 2327 270 1773 1886 729 1732 1878 930 2383 1526 2210 2078 1381 1248 532 1045 1097 1208 658 750 1183 2044 308 905 2113 1010
1635 1726 1556 1256 685 2075 472 468 2217 710 2111 1003 1616 1887 1265 2102 2032 1332 1949 627 1670 1372 1655 2282 749 40 193 1896 1705 1835 208 903 2122 428 2159 1849 2041 1999 172 122 1603 392 237 1300 2374 2304 1472 1606 503 1530
1034 2038 1006 1415 1273 2082 207 1455 1902 662 982 529 304 752 1714 1159 842 574 592 1087 227 1069 747 2424 47 1212 257 149 1084 670 626 1552 730 858 2104 897 336 2099 2476 1791 540 220 1258 8 2039 419 57 424 2025 1249
1350 261 1957 566 1979 2218 140 69 1929 118 2058 2153 1643 1690 1652 2085 624 500 1707 382 453 1699 2181 282 1677 1108 691 76 387 63 1110 1188 2134 2063 2052 1590 2154 2437 915 1661 1468 1596 845 194 2345 337 2050 2233 2095 2415
1490 531 801 1162 154 790 969 1141 831 372 2206 198 1230 1569 2333 459 1869 780 59 211 2448 555 2116 216 1889 1723 212 804 1987 1104 1343 1325 2205 1807 2379 2317 1720 2118 1509 1648 1880 593 1737 1794 7 2267 377 462 1192 796
1701 87 2443 828 1209 1778 738 244 196 371 417 1172 1515 2250 1539 1946 1966 2019 1804 901 950 1872 2037 1942 1602 693 2242 1731 1611 2332 1751 327 323 1725 830 2488 2286 1055 753 1352 989 1357 300 127 544 2363 1775 757 1435 1544
2089 963 1365 1204 810 2006 1934 1499 1129 1498 36 955 539 1337 328 1568 2353 643 1392 2150 1072 2007 1846 1944 542 73 1581 689 1285 527 2392 2229 465 1666 976 645 182 871 1023 1275 716 1241 1134 484 668 1641 1407 1114 547 265
745 530 228 2382 2155 665 255 854 283 1030 2397 1131 1380 254 802 88 2142 1758 1031 605 1083 1919 110 1865 11 236 1674 525 1317 1019 882 1843 202 1155 1797 2264 299 2307 599 192 614 772 400 191 64 1158 702 332 588 492
799 315 688 2199 1937 2003 491 1447 1892 2497 1741 2173 1757 2185 990 537 2281 2324 1577 767 970 2004 1448 1331 1750 1122 1910 10 1473 1336 612 1745 1071 2440 995 1710 2413 1871 914 2481 2195 1478 987 2446 2115 1533 1316 1704 319 875
1420 552 431 176 1140 983 455 115 2070 2024 2193 1101 402 1788 2388 1278 2184 1651 1562 1048 273 91 1488 378 160 1625 1636 561 1559 443 181 1821 1449 161 1203 2136 2105 1342 936 1024 1218 1578 984 1229 1070 571 1657 2344 822 1484
855 46 1279 2293 999 1095 418 1786 25 600 886 959 1470 863 775 1076 576 447 171 1038 847 1621 1535 1253 1697 1093 52 898 463 361 2414 2441 1268 2319 1620 16 1669 2128 1057 852 2480 152 881 2060 630 705 1035 960 1389 857
1014 203 1266 215 517 313 163 1257 1542 711 448 1185 2120 1355 1862 925 2251 2292 225 1226 1187 1594 1870 1505 1967 1740 609 1802 288 2255 95 1614 1144 1510 381 111 2427 1974 746 1753 305 1831 904 1984 393 583 564 1127 1009 1742
1968 310 262 2284 1171 333 2239 1511 433 1459 166 2222 867 1252 384 1067 1466 1587 128 2230 2204 1397 1089 837 1708 1264 130 985 935 1074 2447 1154 253 2361 639 352 1558 1630 2220 230 1916 1301 32 1662 2278 389 1486 892 2211 541
96 2375 1065 2421 2152 1634 2380 2354 1909 800 2147 1173 1393 1234 1959 1388 1958 1554 556 2322 401 695 888 145 789 526 1901 1969 2026 1998 1207 2047 786 941 2341 2196 2464 2175 295 1991 1881 1423 1426 1813 659 977 744 1961 510 1418
2254 55 1765 2126 398 1053 1683 2465 606 1650 1899 252 496 1313 512 206 506 2197 218 1908 2130 2156 316 921 2360 2203 355 924 2067 2008 1688 1284 1441 667 62 717 1476 345 771 407 3 1267 1532 2020 2402 2389 2127 1972 467 2213
1873 2483 494 1776 1591 309 784 596 284 2323 1326 956 2253 1217 2366 1932 723 1586 1826 416 1915 1306 1863 271 648 279 1695 71 770 1605 1567 1722 2034 1431 1492 2356 1321 2232 1396 1016 2423 434 136 1454 1829 180 1309 79 1557 1789
2434 832 61 1042 2291 1224 58 2384 67 1290 739 2178 1689 1793 2176 2171 1463 2090 944 791 751 1604 470 2342 1660 2035 922 1898 1232 260 2287 1855 1341 1451 209 1985 2416 1046 582 1239 1242 906 1572 1262 1375 1136 1681 2496 321 479
1527 520 2406 1371 9 129 2339 1536 2236 132 1068 2473 1996 765 2093 1201 1728 2365 2117 2329 1240 490 2466 1043 1995 1037 113 97 1428 1299 234 1857 364 37 646 2372 2165 2244 1339 2179 594 1405 1119 408 1082 683 874 1146 2096 948
369 1328 1149 567 374 351 102 1516 754 2463 1066 2420 634 1430 1092 294 1013 2157 452 1727 870 317 451 1307 440 210 549 992 2215 1766 499 307 911 893 1050 707 219 405 2357 2405 178 1989 2228 2011 1288 2469 1480 538 619 1563
1632 1077 114 2272 1866 570 1698 1394 1983 1609 341 116 2021 2188 131 1954 1647 432 2040 1228 1922 1200 1971 1360 783 2194 543 2442 1918 395 2460 1716 1905 958 1994 297 1769 330 1763 2407 204 2163 1457 125 1190 1487 268 1064 38 779
1247 877 957 142 14 1551 422 2000 769 320 44 755 1015 495 139 2046 2474 1524 1197 1191 1770 519 2192 613 1582 286 2146 1004 2285 170 1282 836 2172 2299 598 568 1613 1503 23 2347 562 910 680 199 929 1823 53 728 1733 2326
20 524 1860 1464 980 650 2143 1270 1495 869 622 713 134 1729 2498 2266 660 121 1269 2166 478 1164 1553 1429 2009 1312 1460 2223 1752 1052 231 1402 756 2141 1622 1409 1374 1237 1997 1175 51 379 1199 1654 669 1956 1458 1163 1861 1174
1047 1327 1401 1895 2487 1517 1977 2225 1840 89 1575 1440 2294 296 816 2276 2137 853 1475 2252 390 2373 285 2170 991 2064 1560 1156 1028 81 725 2138 174 1107 148 1653 1589 1805 2390 795 1836 1096 920 895 2338 1624 1943 577 673 2125
1827 1952 879 358 2261 5 2107 179 1167 1202 483 190 183 2306 2042 1194 1452 1719 2485 896 2083 1848 1220 339 2477 2031 2472 644 587 1730 1851 1293 1399 584 2131 2055 1143 86 239 1583 1822 243 41 1165 818 2300 720 1518 2114 98
1812 438 1118 1348 481 1858 1410 1980 457 1784 1150 2451 2410 1311 1825 1250 1347 652 245 834 581 682 1186 2237 421 1193 1749 117 2376 616 1665 106 1803 1529 563 618 1883 2245 1691 298 2268 1801 2409 1105 872 2014 1798 859 2133 2273
1139 445 1907 1646 608 413 2017 2256 1227 1346 2260 2461 1951 1432 1120 1180 2012 2296 1512 1294 1735 1565 2475 1483 2140 1868 1743 2482 1607 1982 638 1795 485 1349 1314 916 1676 2086 56 168 1547 2027 611 1213 1819 1792 2198 610 195 835
