2 15
00000000000001
00000001000001
00100001000001
00100001000001
00100001000000
10000001000000
10010001000000
10010001000010
10010001000010
10010001000010
00010001000010
00010000000010
00000000000010
00000000000000
00000000000000
000000000000000
111110000000000
000000000000000
000000000000000
000000000000000
000000000011110
000000000000000
000000000000000
110000000000000
001111110000000
000000111111111
000000000000000
000000000000000
011111000000000
208 65 84 70 194 186 57 47 123 87 182 101 171 149 48
121 89 4 79 115 193 213 203 202 102 51 109 124 16 6
50 96 188 136 60 129 185 214 165 13 21 7 137 118 5
34 142 42 181 220 200 75 146 225 74 20 19 224 46 156
195 161 135 197 105 167 170 39 72 176 107 62 11 172 27
153 104 67 221 86 45 127 117 163 43 157 29 169 111 205
183 49 63 56 18 158 76 128 32 52 133 2 126 122 73
103 134 40 31 131 178 187 189 41 25 61 211 30 174 64
12 204 98 210 215 112 217 17 206 81 164 152 132 85 223
147 114 80 26 139 23 44 154 207 100 106 3 8 68 93
10 110 159 209 184 9 151 120 99 145 219 192 125 59 90
88 83 55 91 35 180 119 166 162 138 33 179 108 199 150
53 24 216 66 113 140 141 71 130 58 222 175 77 97 218
168 54 28 15 69 155 82 191 198 148 201 160 78 94 14
95 196 177 38 212 36 144 37 173 22 1 92 143 116 190
