4 19
001000010011001110
100000100000100000
000000000000000001
010000000000011010
000000000000000010
100010110000010101
001000101100011000
000000100100000000
000000010001000100
001001000010000000
000100001000010000
001101000000000100
000000010101010000
000000100000010001
011010001000000000
001001110100010100
000010011001000000
001000010110100001
100100000000000000
1000110000000000000
0000000100000000010
0000100001000100000
0001000101000001000
0111001010100001010
0000000000000110000
0000100001000000010
0010100000001011001
0101010000000000000
0000110101001001001
1000000000000001010
0101101000000110010
0000000000000001001
0000110011100011010
0000001000000000000
0001000010011100000
1101000000100101010
0110001001000101100
328 288 264 128 196 228 243 91 246 49 47 308 138 197 66 271 211 126 242
60 146 41 38 10 14 173 37 69 26 25 108 7 74 6 45 129 182 327
115 40 87 305 360 80 65 99 27 48 79 237 309 347 330 218 1 284 22
313 294 68 55 149 57 213 215 11 155 156 122 100 340 269 180 19 356 17
92 302 28 231 62 169 111 175 245 59 133 177 148 120 343 9 239 170 58
276 116 337 296 46 194 78 281 285 39 272 241 300 109 234 291 112 227 282
123 259 124 94 98 52 334 187 329 283 292 359 335 134 321 358 325 210 206
192 346 64 338 267 220 229 77 307 212 3 140 262 299 255 20 333 256 314
277 33 15 82 102 56 50 260 165 84 34 249 251 226 354 119 319 279 162
137 348 72 139 83 23 130 318 101 152 71 336 131 200 86 209 195 257 143
164 301 184 306 135 183 144 261 270 199 88 160 95 280 8 205 266 176 44
70 357 2 97 13 349 121 107 43 178 208 198 217 250 230 345 273 324 81
311 224 268 185 157 286 150 238 203 18 265 136 151 252 289 247 35 159 240
361 353 73 90 320 204 332 263 225 232 53 275 179 352 85 188 355 214 16
153 96 5 341 36 351 312 290 63 61 141 190 168 163 339 322 304 29 161
113 171 89 174 303 207 42 142 93 30 104 298 248 297 114 158 4 117 223
51 216 278 258 219 344 316 253 221 244 274 127 293 186 103 125 21 132 326
147 76 75 201 315 235 350 118 24 323 54 67 167 254 236 310 295 342 106
193 166 189 32 110 331 191 181 287 233 105 222 145 202 317 31 12 172 154
