6 20
0000000000000000000
0000000000000000000
0000000000000000000
0000000000000000000
0000000000000000000
0000000000000000000
0000000000000000000
0000000000000000000
0000000000000000000
0000000000000000000
0000000000000000000
0000000000000000000
0000000000000000000
0000000000000000000
0000000000000000000
0000000000000000000
0000000000000000000
0000000000000000000
0000000000000000000
0000000000000000000
00000000000000000000
00000000000000000000
00000000000000000000
00000000000000000000
00000000000000000000
00000000000000000000
00000000000000000000
00000000000000000000
00000000000000000000
00000000000000000000
00000000000000000000
00000000000000000000
00000000000000000000
00000000000000000000
00000000000000000000
00000000000000000000
00000000000000000000
00000000000000000000
00000000000000000000
381 131 94 250 135 185 75 56 145 42 63 237 221 169 256 319 97 83 199 338
114 353 235 355 391 87 122 107 14 271 308 218 296 186 16 47 18 125 80 19
23 187 34 329 297 184 372 124 293 291 200 321 284 86 223 143 324 238 49 71
247 68 81 173 37 197 15 69 140 12 273 246 303 74 347 367 265 281 245 22
76 112 360 176 48 147 7 208 149 217 229 299 358 206 73 312 327 264 182 6
51 396 89 171 373 118 26 90 272 225 67 123 146 189 126 103 371 254 289 58
301 193 282 93 27 152 278 95 41 85 393 172 374 369 380 175 277 259 295 315
2 283 102 50 190 318 387 400 137 240 150 148 104 228 192 207 302 377 119 174
232 388 262 188 65 168 144 61 212 214 29 157 356 165 348 160 205 331 72 304
241 132 336 219 55 156 275 263 288 30 298 100 36 101 314 267 11 226 399 335
25 84 249 98 368 258 1 109 105 121 392 201 317 54 351 31 350 328 17 325
390 345 389 320 194 134 357 127 255 38 170 361 141 340 59 115 167 359 290 113
346 332 195 44 138 342 154 133 183 136 91 62 213 164 209 128 280 24 35 260
279 60 252 3 77 155 96 398 233 204 116 82 53 198 385 274 202 339 46 52
45 375 166 92 153 161 366 129 215 326 28 106 239 117 13 158 211 334 33 196
287 285 316 4 305 341 180 39 179 203 20 216 111 210 64 386 306 108 178 309
343 257 248 395 261 120 78 292 362 139 159 370 330 313 251 349 110 382 242 333
99 230 130 220 57 337 397 224 40 163 276 307 231 268 394 43 344 300 8 32
364 244 227 383 310 243 379 191 352 9 269 384 88 354 378 177 270 365 376 10
222 266 79 162 21 181 286 66 253 151 294 234 142 322 323 236 311 363 5 70
