8 20
0000000001000000000
0000000001000000000
0000000001000000000
0000000001000000000
0000000001000000000
0000000001000000000
0000000000000000000
0000000000000010000
0000000000000010000
0000000000000010000
0000000000000000000
0000000000000000000
0000000000000000000
0000000000000000000
0000000000000000000
0000000010000000000
0000000010000000000
0000000010000000000
0000000010000000000
0000000010000000000
00000000000000000000
00000000000000000000
00000000000000000000
00000000000000000000
00000000000000000000
00000111110000000000
00000000000000011111
00000000000000000000
00000000000000000000
00000000000001100000
00000000000000000000
11111000000000000000
00000000000000000000
00000000000000000000
00000000011111000000
00000000000000000000
00000000000000000000
00000000000000000000
00000000000000000000
337 222 296 206 309 277 193 190 39 108 99 353 300 211 342 290 200 323 379 298
102 266 65 68 242 28 316 238 24 130 72 94 393 33 221 79 56 318 333 159
120 7 37 227 91 96 247 25 17 256 151 184 380 214 11 40 112 276 163 119
253 142 263 373 194 265 169 145 245 3 161 292 369 177 16 44 111 92 50 47
156 5 382 131 354 264 307 320 340 356 67 329 248 297 217 105 216 262 87 336
160 154 237 375 162 387 391 249 118 52 313 141 205 230 192 287 259 280 261 289
178 10 344 179 57 66 269 328 62 384 372 400 139 275 113 246 399 283 85 70
60 143 134 80 180 204 331 171 129 365 209 149 197 258 182 43 188 310 170 270
173 368 294 42 396 186 1 359 64 185 138 220 106 304 21 20 97 385 203 8
90 364 366 104 78 207 189 201 26 260 326 388 101 140 394 376 370 389 41 383
390 210 167 240 235 14 278 244 88 181 301 69 84 357 346 31 22 362 306 58
46 392 347 110 321 239 226 241 377 202 89 19 252 348 335 371 381 158 150 255
257 236 254 123 124 136 274 127 199 35 116 132 231 51 343 334 15 23 34 291
352 196 195 98 218 30 157 81 273 183 125 166 395 77 213 305 49 191 397 224
55 9 6 282 339 168 165 2 198 133 345 107 117 73 355 322 360 363 29 243
176 303 146 135 219 268 338 18 293 314 358 93 286 315 302 374 367 272 174 144
234 229 299 281 48 45 122 100 36 386 295 187 324 308 351 109 128 27 233 164
137 330 103 61 319 147 63 208 312 225 223 332 75 325 288 95 232 83 311 228
284 350 74 12 279 341 148 175 361 4 115 59 38 155 172 152 71 398 378 121
267 153 271 285 32 53 212 215 327 76 317 250 13 82 86 126 251 349 54 114
