12 30
00000000000000000000000000000
00000000000000000000000000000
00000000000000000000000000000
00000000000000000000000000100
00000000000000000000000000100
00000000000000000000000000100
00100000000000000000000100100
00100000000000000000000100100
00100000000000000000000100100
00100100000000000000100100100
00100100000000000000100100100
00100100000000000000100100100
00100100100000000100100100100
00100100100000000100100100100
00100100100000000100100100100
00100100100100000100100100100
00100100100100000100100100100
00100100100100000100100100100
00100100100000000000100100100
00100100100000000000100100100
00100100100000000000100100100
00100100000000000000000100100
00100100000000000000000100100
00100100000000000000000100100
00100000000000000000000000100
00100000000000000000000000100
00100000000000000000000000100
00000000000000000000000000000
00000000000000000000000000000
00000000000000000000000000000
000000000000000000000000000000
000000000000000000000000000000
111111111111111111111111111000
000000000000000000000000000000
000000000000000000000000000000
000111111111111111111111000000
000000000000000000000000000000
000000000000000000000000000000
000000111111111111111000000000
000000000000000000000000000000
000000000000000000000000000000
000000000111111111000000000000
000000000000000000000000000000
000000000000000000000000000000
000000000000111000000000000000
000000000000000000000000000000
000000000000000000000000000000
000000000000111111000000000000
000000000000000000000000000000
000000000000000000000000000000
000000000111111111111000000000
000000000000000000000000000000
000000000000000000000000000000
000000111111111111111111000000
000000000000000000000000000000
000000000000000000000000000000
000111111111111111111111111000
000000000000000000000000000000
000000000000000000000000000000
173 184 283 821 818 345 309 76 420 12 244 734 275 60 216 284 772 603 735 392 84 156 869 596 515 776 193 272 403 675
243 4 149 200 313 92 433 853 338 778 665 21 410 401 451 199 425 222 251 473 663 72 530 233 831 713 449 883 587 236
697 263 730 785 227 627 95 634 660 753 204 877 830 715 161 668 468 565 279 835 709 799 278 407 39 716 435 250 219 91
225 364 198 391 210 536 562 693 167 899 790 248 760 121 294 461 408 154 137 729 557 467 656 147 856 108 535 431 118 510
417 384 846 499 758 382 387 594 599 550 14 331 688 894 815 669 598 78 680 54 247 592 881 207 471 358 485 864 795 801
631 71 839 65 241 706 595 83 837 424 185 70 105 717 129 604 754 123 231 602 266 274 183 858 292 253 165 601 114 476
334 719 577 99 826 890 18 217 109 739 212 429 872 474 867 708 310 886 57 6 221 361 731 707 496 385 549 714 671 590
117 293 115 359 88 197 55 833 609 255 624 628 194 814 611 763 884 748 224 520 324 24 110 375 868 311 638 834 128 74
538 768 22 440 750 9 462 346 676 381 289 437 434 144 172 478 765 330 696 249 506 459 264 34 423 822 653 159 281 246
523 605 584 526 223 260 254 507 90 484 452 366 784 47 51 694 552 82 277 305 727 895 8 453 174 157 710 238 140 726
492 196 79 657 612 702 686 613 380 29 666 276 460 644 134 178 443 648 700 271 318 258 377 445 511 866 629 752 454 616
192 342 718 880 163 214 841 614 169 356 455 320 816 502 863 553 270 651 640 49 836 226 7 290 581 855 787 560 851 93
576 282 107 533 3 273 685 268 239 501 860 32 16 774 344 367 379 62 89 288 649 405 740 164 786 213 349 442 31 2
723 636 235 870 126 430 820 186 397 541 539 33 793 414 534 500 466 803 554 337 582 27 98 871 336 711 394 479 371 58
610 695 766 493 40 68 256 619 597 262 151 495 489 353 326 339 48 428 150 882 50 896 180 742 574 755 202 749 465 813
77 591 522 333 712 122 188 37 874 316 516 481 891 829 332 509 304 567 873 444 859 732 155 504 783 139 301 421 86 524
632 519 809 259 103 450 240 691 777 788 136 586 728 862 810 11 67 386 683 365 487 327 558 747 145 684 736 102 415 329
130 215 875 373 521 153 527 340 26 654 900 351 237 402 608 543 143 170 257 261 427 655 80 15 682 472 572 635 300 679
482 573 376 322 659 898 17 162 458 661 152 540 43 876 491 580 291 828 189 179 350 893 812 171 96 769 854 299 104 664
625 722 575 673 181 411 141 838 416 794 804 383 61 514 819 306 647 848 780 757 825 546 205 779 796 517 119 229 744 887
687 806 606 94 569 844 390 132 724 571 66 823 97 865 280 355 556 477 782 321 662 762 566 426 545 106 623 395 73 559
508 600 797 741 544 252 588 889 645 87 343 56 743 678 191 85 857 817 811 633 457 446 341 751 620 607 111 160 218 19
808 650 617 133 781 432 699 463 792 220 412 389 733 770 323 211 23 209 642 622 325 120 802 307 63 10 404 113 158 175
525 127 302 878 44 480 861 308 357 764 646 775 69 25 317 494 419 746 230 490 116 378 41 518 354 369 745 532 38 396
725 45 456 845 360 704 630 363 531 208 348 791 542 537 146 296 879 242 672 314 852 513 641 703 615 626 692 885 824 138
512 393 195 470 372 400 59 418 81 28 701 583 368 807 658 286 689 413 674 406 705 398 267 287 148 203 52 555 168 761
505 36 297 190 347 593 131 370 789 827 35 42 832 30 447 843 621 53 64 800 529 483 101 228 568 112 469 850 618 690
374 448 436 388 315 759 737 681 182 547 892 720 805 475 637 667 187 849 142 232 773 498 124 497 5 579 125 578 100 20
295 319 677 362 177 643 585 265 298 767 639 652 166 312 698 670 486 335 528 399 551 422 135 561 352 563 897 464 738 721
589 234 888 245 13 206 441 1 503 409 842 548 46 439 847 771 285 840 75 201 328 176 570 488 756 438 303 269 798 564
