13 30
00010000000001010100010000000
00010000000001010100010000000
01000101000001000001000101000
01000101000001000001000101000
00010001010100010100010000000
00010001010100010100010000000
00010100000001000000010000010
00010100000001000000010000010
01010000010100000000000000010
01010000010100000000000000010
01010001000001000000010101010
01010001000001000000010101010
01000100000101010001010000000
01000100000101010001010000000
00010001000000000000000001010
00010001000000000000000001010
01000001010100010100010100010
01000001010100010100010100010
01000100010000000100000000000
01000100010000000100000000000
01010100000100000101010100010
01010100000100000101010100010
00010000000100000000000101000
00010000000100000000000101000
01000001010001000001010000000
01000001010001000001010000000
00000001010000000100010100000
00000001010000000100010100000
00000100010001000001010101010
00000100010001000001010101010
000000000000000000000000000000
001100000011110000110011000011
000000000000000000000000000000
001100111100000000110000001111
000000000000000000000000000000
001100110011001111111111001100
000000000000000000000000000000
000011001100111111110011111100
000000000000000000000000000000
001111110011111111001100111100
000000000000000000000000000000
000000111100000011000011000000
000000000000000000000000000000
001100110011110011111111000000
000000000000000000000000000000
000000110011111100110011111100
000000000000000000000000000000
000011110000001111111100110000
000000000000000000000000000000
001100110000001111001111110000
000000000000000000000000000000
000000110011111111110000001111
000000000000000000000000000000
000011110011001100110000001100
000000000000000000000000000000
111100111111111111001100001111
000000000000000000000000000000
110011000000111100000000000000
000000000000000000000000000000
757 600 138 876 137 830 767 668 4 239 575 249 210 28 256 333 391 512 579 744 416 651 766 54 73 679 374 843 739 568
844 355 664 671 759 627 866 69 658 451 253 821 57 553 809 714 86 394 50 587 26 855 710 44 126 356 360 816 262 645
583 466 393 135 192 459 316 689 670 756 121 265 620 786 494 370 728 40 578 380 215 685 56 157 827 842 206 524 174 622
186 449 245 848 672 699 544 490 445 649 130 179 351 418 266 778 823 615 319 832 95 406 737 690 735 560 650 807 666 189
205 850 337 384 268 2 516 554 691 571 773 66 805 499 723 613 412 303 513 264 634 421 272 131 16 388 274 551 113 555
483 90 448 604 457 678 769 298 586 22 519 890 738 665 888 15 829 290 775 536 588 410 758 96 204 732 341 300 877 203
851 831 460 570 653 435 327 71 85 854 722 30 852 865 565 133 740 342 469 188 390 509 875 817 182 802 881 332 859 371
534 134 280 675 128 297 470 196 340 363 177 82 819 350 792 259 446 125 122 379 530 870 430 754 117 269 49 168 167 609
548 695 652 558 386 359 25 562 382 427 828 477 162 537 506 706 867 353 500 414 59 155 112 5 641 856 642 684 697 261
202 55 510 260 11 221 886 395 6 597 727 507 518 721 659 703 185 349 441 213 884 880 475 396 207 425 67 873 136 169
822 837 364 62 88 497 193 566 295 801 281 632 149 752 173 282 46 780 860 611 9 741 533 123 841 397 700 447 422 184
228 465 408 661 520 140 227 89 172 334 214 746 252 768 455 538 731 212 434 36 573 20 763 467 223 70 698 861 878 119
42 806 29 825 458 743 820 224 593 454 273 64 230 254 839 201 166 336 107 322 462 237 818 222 514 840 498 781 638 750
525 317 549 492 572 429 899 705 883 373 547 493 58 751 495 532 488 869 893 688 621 27 614 476 660 847 375 640 709 654
648 527 431 503 111 755 156 98 258 34 625 161 279 51 151 251 692 857 836 601 440 474 897 885 523 304 276 708 591 361
198 170 546 683 643 191 437 286 197 777 598 285 528 77 608 311 550 789 779 639 65 800 803 505 712 471 543 365 607 314
178 760 141 702 392 580 635 687 124 305 291 473 900 241 346 656 321 686 764 190 725 366 636 784 443 676 849 559 423 682
195 142 788 485 115 308 561 324 733 3 277 496 154 753 7 745 612 569 517 242 603 461 318 610 718 595 898 17 631 292
742 63 417 693 287 398 669 80 453 868 444 145 804 787 68 159 845 12 296 895 411 896 387 53 585 662 218 299 535 799
504 413 293 357 91 284 401 862 616 164 31 93 574 599 858 774 617 109 531 415 811 76 711 217 1 747 834 116 39 153
226 644 824 765 171 92 749 352 529 144 283 61 563 84 450 432 208 52 681 103 864 236 315 234 23 785 726 47 43 602
110 508 139 770 729 715 874 489 33 330 381 798 329 225 404 464 762 677 846 32 680 456 165 325 183 354 667 596 623 540
463 734 87 567 522 219 270 97 484 472 810 310 368 377 294 420 199 335 521 736 405 892 793 542 323 150 795 41 35 271
376 160 409 526 487 814 106 790 707 771 18 491 369 100 424 246 45 302 37 60 10 152 343 618 301 176 552 626 761 114
581 345 646 701 312 482 783 120 442 557 452 147 38 331 187 362 229 320 541 791 104 813 255 180 438 717 83 515 48 232
74 348 278 589 871 879 606 713 275 796 99 853 720 240 248 838 233 263 8 468 339 674 872 594 630 480 118 748 244 289
146 808 439 776 719 479 511 673 158 663 592 105 403 633 21 250 358 782 694 624 433 628 14 209 647 481 794 313 306 148
882 436 637 307 399 288 590 175 894 247 79 309 576 338 426 129 539 267 231 19 194 833 402 724 328 419 428 383 94 243
400 102 835 730 238 577 863 716 101 389 344 696 891 347 200 127 181 326 545 108 556 235 407 132 78 75 81 486 163 143
211 367 629 812 501 704 797 564 502 605 657 378 13 655 815 478 220 887 584 24 889 582 826 72 772 372 257 619 216 385
