14 35
0001000110001010110010100000111100
1010010011010010001000001001000110
1101111010010100100010100001000001
1001000101111010111010010101101101
0111110001100101110000001001010111
0101011010000110101011110110000010
0100000110001101110110001100010100
1011100100010000101101110001111001
0100100011000100000010001101010011
0111000101011010000010100011011110
0101101000011111101001111001011000
1101000100010010010011101101100110
1010011101010000110110001010101001
0100111101111101101001011101011010
1100100111110100000010100001011110
0000100101000010011011010010110110
1011100001110010101010011101000111
0110101101000011111100011011110100
1000001101011100010111001110110100
0000011100000111100000110110100010
0010111000011010010000010000100001
1110100001110010011000110010100111
0110000101001011101100001100011100
0010101110101100011100100110000011
0001011101001000111011011001110100
1100101100010101111101111001110101
1110010010110101100011011111011001
0010010100011110001000001000010101
1101101001001000011110110111110011
0110011101010101001010101110110000
0100010011000000110010110111001111
1100101111011100100010100001011110
0110110111110000010111111101000111
1101010000011101100000100110101010
0110010101100101001011010001101100
10111110001111001010110111011000001
00110100101001010101010010111110010
00010010100001001011110110101101010
00010101110010100100111111110100100
01101010101110101010100010011001010
01010101111011001000001110010101011
00010011011010110100101101110001101
01100111111001011011100011110101100
11001110001000111111011110101001100
01101100111100000101001001100110011
00100111110101110110100100010001010
00001001100111111001100101100101101
10011000110000100101011100001001000
01011010100010101011101000110110001
00111110000101111001100011010000001
01011101010111001111001100111010101
01000110010011111100010100011001000
01101010011001000000101100000110011
11011100011110100110011111110001110
01110010111111011011110010001110111
11001100111000110101110110111101110
00010110110000110100101000110101000
01111101011100101010110011110110101
11000000001101011000101100000011100
10011110011000011000110101010110010
01011010010110010101100010001010010
00001110110000010101000101100100100
00100101011110111110010000011101100
10101010110101110101001011000010111
10010101000111010010101000101000100
00110011101101111011110111001110010
10010000000110110001011010010100000
00100110000000010110100001000010001
01001110100101100111000010110010011
295 330 963 82 310 58 458 212 92 1020 1104 1220 514 475 386 1197 837 437 65 1022 822 42 188 327 67 820 442 906 517 835 1051 1019 203 883 768
1035 699 385 513 569 916 974 1013 257 512 802 708 1029 314 255 195 997 320 976 769 460 855 1082 245 628 39 696 237 432 627 89 858 60 1198 608
581 206 739 1027 23 561 476 658 1108 197 774 22 812 1009 784 353 186 281 1065 595 1176 260 909 507 273 586 954 705 727 697 792 733 15 1007 594
199 489 1173 789 632 922 973 1074 497 932 144 814 981 296 265 193 738 52 246 138 51 1217 166 292 772 478 301 216 965 669 464 317 47 1075 287
989 999 226 173 713 1130 20 359 879 602 161 583 987 1118 1135 1179 1203 494 926 1003 438 155 29 645 869 124 1021 564 605 366 1072 694 780 12 377
557 323 1175 350 806 642 339 457 751 912 1107 1091 114 1077 526 1043 1165 773 69 365 968 484 434 622 1181 746 36 1001 592 845 788 673 106 1000 975
1187 233 240 861 3 95 521 8 982 268 332 860 128 1156 550 967 737 928 261 324 901 618 682 1116 578 666 956 609 404 481 960 445 1149 232 947
403 1129 230 18 53 918 466 91 940 303 163 910 111 101 1164 402 1088 1046 509 530 134 785 853 73 966 25 152 194 1194 282 127 204 97 1128 411
461 929 440 698 580 936 1132 415 396 500 430 670 647 352 1168 1005 469 527 488 1083 329 591 552 809 55 711 370 510 703 677 805 503 783 631 1018
688 1119 854 429 1085 850 356 979 671 1048 305 153 511 439 1222 1170 587 214 410 1016 27 239 1095 684 996 547 48 170 950 1044 349 1131 978 819 1137
1178 431 397 1177 77 1039 401 908 274 655 615 1049 34 685 311 585 1105 395 614 126 87 157 1109 1140 59 781 462 648 272 620 384 380 1223 103 364
1184 135 990 44 1038 1067 559 102 93 579 1212 425 1205 473 951 1004 562 346 413 948 766 271 345 465 836 79 1183 508 328 145 176 740 299 700 961
1090 1206 1052 1188 1190 1174 467 1218 899 283 695 159 244 441 646 726 676 371 786 1041 535 529 1011 1186 71 957 293 533 363 977 171 1155 394 856 1028
661 1225 905 635 878 375 41 358 24 942 435 33 935 156 300 383 1030 902 238 1110 651 179 525 342 868 548 816 367 259 471 1024 889 663 650 639
787 604 165 741 844 392 1161 750 115 577 486 777 235 817 191 969 882 582 63 983 763 200 66 986 85 247 842 1117 234 1113 74 14 865 848 1079
742 502 32 1224 599 921 815 98 221 1096 641 1207 1122 182 10 962 1099 721 421 532 264 143 335 1050 56 554 198 584 360 205 1111 600 1182 148 875
1139 915 1057 692 672 1087 840 1200 387 686 994 275 1080 907 925 955 790 1103 683 1101 1076 31 991 553 286 446 399 280 100 470 1061 524 779 681 35
341 78 613 334 546 1034 870 1042 142 749 611 1055 1070 1015 147 887 1121 871 452 601 541 575 804 722 427 890 1084 1213 1219 920 309 419 21 45 168
1159 668 846 389 753 270 1123 867 544 258 1014 219 417 827 428 1089 99 522 225 1093 262 506 196 90 924 426 443 422 1136 852 710 61 333 449 734
555 1147 254 776 372 412 1196 1017 139 1054 930 337 1037 593 110 1031 607 540 1172 1059 1171 211 146 823 1189 495 952 1012 249 693 1195 689 75 318 444
818 285 405 424 1126 496 398 378 1148 630 536 122 811 574 1 665 709 755 654 690 1144 505 894 797 716 720 888 1214 873 13 659 278 568 129 660
895 423 626 876 400 242 362 893 483 174 210 192 927 347 619 136 1193 1100 598 54 863 344 1120 70 634 113 612 263 279 617 687 433 326 493 485
944 732 839 160 761 118 937 718 1102 407 1025 743 919 821 624 643 1106 243 757 719 917 369 1010 1142 799 603 30 754 667 1153 312 454 995 1191 151
150 68 294 801 570 841 504 891 253 306 881 970 980 451 862 267 472 123 252 220 104 1062 491 269 479 284 946 691 543 1163 831 459 16 276 851
1006 558 551 903 752 180 984 46 545 202 943 782 1115 959 373 941 175 184 945 1202 474 934 1053 463 838 675 222 37 629 83 623 715 872 1151 938
864 487 807 762 717 701 1060 911 2 379 759 1047 1097 794 368 181 169 1114 321 420 117 736 621 11 213 6 480 490 109 1215 1064 949 728 307 409
1086 1145 1127 498 606 756 313 832 531 1081 810 207 1143 1169 382 499 17 456 130 108 767 971 680 748 447 1158 791 714 712 567 436 1152 892 1125 416
190 747 725 1112 177 72 1167 1138 140 1201 1134 572 972 354 390 501 361 1209 250 1141 866 304 1154 877 796 520 325 760 178 1221 573 549 1040 448 319
566 348 993 154 162 88 1208 771 1146 519 477 900 563 813 388 132 778 565 537 224 704 914 236 897 542 1160 830 1166 730 468 1162 560 351 187 1008
112 702 291 492 120 125 185 1199 62 638 1216 674 1063 758 515 764 1073 724 874 1078 38 1056 723 798 596 1204 94 49 556 248 149 518 826 998 939
340 597 107 80 880 223 406 640 241 201 215 218 636 189 1023 1124 744 43 625 849 923 775 26 228 209 455 133 308 1150 539 644 76 528 765 418
1180 256 884 217 105 904 588 482 376 913 1157 141 616 408 657 885 833 164 450 707 1058 86 770 1092 251 1036 745 131 571 208 610 229 516 931 678
19 731 992 988 7 534 825 729 391 1045 57 290 227 1069 847 297 590 137 800 664 1032 953 795 414 896 662 1133 1033 679 381 964 1211 9 829 656
824 1185 834 357 859 374 50 706 289 808 172 1026 322 393 637 84 1098 843 652 28 266 231 576 158 121 653 803 633 119 523 336 315 589 96 167
828 958 343 1210 298 4 288 81 985 1071 1066 538 857 183 1068 793 116 316 5 277 735 331 898 1094 355 933 649 453 302 40 338 64 1002 886 1192
