5 20
1010000000000000000
1010000000000000000
1010000000000000100
1000000001000000100
0001000001000000100
0001000001000000100
0001000001000000100
0001010001010000100
0001010000010000100
0001010000010000000
0001010000010000000
0001010000001000000
0001000010001000000
0011000010001000000
0011000010001000000
0011000010001000000
0010000010001000000
0000000000000000000
0000000000000000000
0000000000000000000
00000000000000001111
00000000000000000000
00000000000000000000
00000000000000000001
00000000000000000011
00000000000000000000
00000000000000000000
00000000000000000000
01111100000000000000
00000000000000000000
00000000000000000000
00000000000000000000
00000000000001111111
00000000111111110000
00000000000000000000
00000000000000000000
11111000000000000000
00000000000000000000
00000000011111111000
7 232 246 311 73 170 346 296 219 96 156 221 387 83 310 342 153 14 213 87
235 341 305 356 190 181 202 23 189 383 18 308 76 184 218 242 26 315 60 272
158 207 119 331 45 339 186 56 21 51 15 178 384 159 13 29 364 102 79 109
395 32 80 143 287 151 75 359 37 164 173 274 46 239 227 38 247 44 193 191
72 254 251 244 172 103 351 372 396 245 241 258 69 322 3 25 328 330 307 233
20 195 253 369 42 179 288 66 144 268 381 337 141 371 220 240 302 138 140 136
133 117 376 52 142 110 106 22 314 78 226 148 398 98 183 180 257 303 187 149
299 363 147 266 16 292 344 196 378 366 58 319 285 132 201 231 353 320 105 53
120 260 238 167 352 278 175 297 280 386 85 228 122 250 230 84 62 275 324 127
374 97 332 130 249 273 71 67 40 382 329 146 271 8 125 116 298 256 323 294
355 86 70 93 49 88 135 284 377 123 211 99 11 192 114 77 309 224 28 185
74 223 6 215 306 390 283 248 65 348 237 262 150 34 17 169 399 208 349 222
357 163 47 157 95 168 177 108 375 121 113 388 162 291 161 259 5 165 154 367
2 166 9 368 59 400 279 304 358 295 174 27 131 90 64 124 236 118 290 397
200 261 216 264 112 194 94 282 234 63 91 392 209 373 43 54 129 365 370 300
277 107 206 393 61 41 152 379 293 197 36 380 24 394 252 35 134 269 171 312
55 188 362 100 265 101 270 204 30 336 19 385 276 289 139 229 68 92 104 361
182 267 350 198 327 316 255 137 39 10 199 286 326 338 33 360 333 354 160 263
321 82 243 81 225 301 345 145 176 1 128 343 335 389 325 31 89 57 50 318
12 205 214 4 347 340 203 217 391 155 115 210 317 334 126 281 313 111 48 212
