6 20
0000000000000000000
0000000000000000000
0000000000000000000
0000000000000000000
0000000000000000000
0000000000000000000
0000000000000000000
0000000000000000000
0000000000000000000
0000000000000000000
0000000000000000000
0000000000000000000
0000000000000000000
0000000000000000000
0000000000000000000
0000000000000000000
0000000000000000000
0000000000000000000
0000000000000000000
0000000000000000000
00000000000000000000
00000000000000000000
00000000000000000000
00000000000000000000
00000000000000000000
00000000000000000000
00000000000000000000
00000000000000000000
00000000000000000000
00000000000000000000
00000000000000000000
00000000000000000000
00000000000000000000
00000000000000000000
00000000000000000000
00000000000000000000
00000000000000000000
00000000000000000000
00000000000000000000
220 251 204 362 321 206 285 22 232 292 246 258 13 94 282 79 288 98 265 81
39 171 183 239 315 228 198 226 128 309 155 212 121 26 72 243 269 153 49 32
123 335 369 382 271 314 375 344 174 126 3 346 149 139 254 112 274 207 116 166
5 88 35 23 186 1 34 100 188 11 145 217 359 341 102 334 197 304 257 144
248 277 74 10 393 297 195 391 333 366 387 224 299 67 378 162 308 200 178 389
71 120 340 156 397 62 364 363 357 192 160 273 168 7 148 27 216 185 83 211
303 104 52 150 386 8 86 227 356 12 33 76 21 368 294 189 154 268 129 30
229 113 311 275 43 60 177 293 241 338 122 194 19 56 103 41 385 398 73 25
179 163 233 169 37 115 371 108 266 181 328 237 97 89 384 332 263 69 147 367
379 394 381 218 223 300 203 318 231 143 348 68 134 330 253 238 90 306 267 159
137 264 132 327 322 290 28 225 47 286 29 173 36 280 298 219 170 208 392 176
319 352 310 42 242 399 395 316 107 191 249 146 222 353 312 141 270 46 230 66
355 106 287 105 4 320 296 99 372 110 118 276 63 329 365 377 17 164 85 53
16 201 250 58 87 279 61 101 142 205 84 172 360 313 347 96 215 138 109 64
221 374 151 133 342 235 2 295 199 337 38 91 350 57 48 130 196 135 75 93
302 165 380 358 117 351 388 247 326 361 323 245 202 209 125 193 92 55 6 131
210 325 324 370 256 400 373 259 336 182 236 15 240 317 119 65 18 331 244 78
158 95 9 214 234 376 70 281 272 390 383 152 255 345 260 54 140 45 14 284
24 167 44 213 184 82 289 124 252 157 291 339 175 40 77 59 20 136 343 305
127 51 190 161 80 396 111 278 307 187 349 180 301 354 31 261 50 262 114 283
