7 20
1010000010011010011
1100110100101100110
0010010111010101011
1101111001001101011
0101000011010001001
0101100010010111001
1110111000110110010
1101001001000001110
0000110110111100000
1101110000011110011
0000000110010001111
1101110100011010011
0110001111001000001
0101001100001011111
0110100010011010110
0101010110111001000
1000010001101001101
0101011010100100111
1010100110010001001
0101001100101011000
00111010111000001000
00001110100000111110
10010000001101011000
00011011011110100100
01010101100101001010
10101001001001111100
01011011101110010110
00100010101010010010
10100011010100110100
01111110110100011000
00101101011001110000
11110001101100101111
01001010001010100000
10110100111001111010
01010101001000110101
01010111010010111100
01100101010100010000
10011101111011010010
00100100010010100111
249 122 242 125 191 63 139 231 235 31 29 116 189 292 10 379 110 27 130 154
69 161 335 128 32 332 211 85 326 52 210 66 316 158 353 55 314 73 213 142
390 317 46 40 33 277 251 120 360 338 209 397 68 35 294 376 79 127 176 26
30 345 310 185 7 78 92 329 369 205 87 144 380 377 58 315 19 234 378 288
330 132 349 352 72 257 271 356 25 200 155 196 167 160 151 117 37 347 303 236
244 146 71 76 255 81 398 259 327 207 274 272 75 199 256 267 204 319 324 269
101 14 296 118 301 150 44 16 180 375 361 3 219 393 342 225 305 337 89 223
188 241 400 278 177 183 124 370 91 149 148 186 344 94 96 22 38 365 134 126
179 295 392 339 322 162 170 108 359 367 90 102 195 182 80 201 371 106 224 56
381 175 373 166 129 374 391 260 284 386 208 97 163 86 57 84 306 233 104 364
172 60 230 47 156 13 276 388 368 240 67 123 299 323 304 346 245 153 263 18
250 270 36 333 98 145 283 45 291 302 243 354 100 258 164 62 216 281 396 77
280 372 174 320 264 1 268 343 159 321 340 265 21 20 298 171 51 279 382 34
239 143 254 181 252 282 24 357 157 308 5 99 12 331 253 334 220 165 49 6
202 178 218 226 246 290 194 192 262 111 387 275 137 238 28 366 107 222 285 266
289 53 389 311 395 248 212 105 2 336 95 74 41 82 227 133 309 119 50 383
88 141 237 215 355 384 70 229 23 147 114 313 197 273 43 318 138 232 399 325
39 65 115 184 83 59 173 228 135 351 152 307 61 286 193 121 54 348 64 48
297 363 42 198 221 261 358 385 112 11 341 203 17 293 103 214 109 15 300 350
4 206 187 168 8 93 312 113 9 247 287 136 140 217 169 328 362 131 394 190
