10 27
00000000100000000100000000
00000000100000000100000000
00000000100000000100000000
00000000100000000100000000
00000000000000000000000000
00000000100000000100000000
00000000100000000100000000
00000000100000000100000000
00000000100000000100000000
00000000100000000100000000
00000000100000000100000000
00000000100000000100000000
00000000100000000100000000
00000000000000000000000000
00000000100000000100000000
00000000100000000100000000
00000000100000000100000000
00000000100000000100000000
00000000100000000100000000
00000000100000000100000000
00000000100000000100000000
00000000100000000100000000
00000000000000000000000000
00000000100000000100000000
00000000100000000100000000
00000000100000000100000000
00000000100000000100000000
000000000000000000000000000
000000000000000000000000000
000000000000000000000000000
000000000000000000000000000
000000000000000000000000000
000000000000000000000000000
000000000000000000000000000
000000000000000000000000000
111101111111101111111101111
000000000000000000000000000
000000000000000000000000000
000000000000000000000000000
000000000000000000000000000
000000000000000000000000000
000000000000000000000000000
000000000000000000000000000
000000000000000000000000000
111101111111101111111101111
000000000000000000000000000
000000000000000000000000000
000000000000000000000000000
000000000000000000000000000
000000000000000000000000000
000000000000000000000000000
000000000000000000000000000
000000000000000000000000000
369 722 296 155 235 471 638 598 226 508 306 513 428 567 17 489 632 54 673 725 665 2 450 432 504 525 278
426 293 661 95 73 196 223 444 13 435 272 646 88 246 55 398 415 343 274 487 451 723 115 542 480 237 112
455 89 613 169 63 440 131 678 502 261 484 4 319 501 175 671 324 162 705 257 270 403 721 300 593 92 33
241 198 713 468 79 282 475 506 195 204 564 371 461 443 423 356 207 572 346 706 238 57 477 56 607 339 580
201 584 472 303 23 473 422 562 587 667 394 174 406 600 554 563 412 465 53 605 547 239 266 183 498 560 438
159 87 621 676 685 686 243 109 267 539 70 414 662 668 119 601 491 623 393 606 647 29 113 218 375 42 571
5 205 193 698 118 536 40 301 604 370 691 214 400 677 179 458 227 568 551 304 77 102 35 643 424 276 718
37 91 255 641 367 672 209 139 83 124 582 702 654 724 99 714 215 456 67 715 548 71 31 251 381 154 256
39 297 212 615 578 603 294 518 690 245 679 396 326 120 693 268 331 25 15 134 649 402 708 717 101 483 232
609 651 687 470 229 287 616 699 291 225 436 98 558 38 41 332 520 140 244 697 544 555 135 492 650 701 659
285 199 627 556 561 51 164 619 191 684 405 146 660 7 258 90 373 190 163 546 277 216 569 521 454 494 217
167 9 413 420 583 220 700 137 656 657 30 19 439 689 512 355 342 585 330 681 21 594 75 110 515 318 288
295 14 145 105 121 165 430 149 608 695 531 474 127 186 281 427 336 328 340 20 213 362 596 202 664 631 576
144 253 712 100 592 595 228 391 703 479 323 45 311 128 132 524 602 160 629 1 445 80 374 349 648 511 635
411 254 298 653 399 46 482 397 462 50 407 211 579 674 591 48 286 18 379 333 523 372 710 688 704 130 262
418 358 522 44 709 292 529 493 157 74 125 178 519 453 404 469 581 485 106 264 289 720 497 78 505 368 534
377 200 459 538 335 588 86 192 279 126 305 597 170 694 188 133 273 599 248 260 350 540 460 329 573 636 669
611 142 290 315 634 52 249 96 117 726 82 123 417 447 449 728 231 58 347 129 526 65 234 172 626 589 364
610 103 76 111 441 32 222 729 442 586 122 168 683 574 27 94 500 97 361 263 645 535 158 85 655 429 644
421 478 388 434 410 36 499 34 530 341 338 12 622 532 642 116 325 43 541 24 302 357 670 486 577 510 395
321 383 490 707 283 184 640 392 271 3 275 614 307 378 552 727 61 187 334 550 161 553 433 549 194 81 557
114 176 180 49 692 313 171 189 496 711 516 488 62 310 242 173 716 682 337 16 11 637 47 141 543 464 452
476 365 322 314 68 353 177 203 156 565 240 618 8 401 360 545 265 26 385 658 628 495 208 224 136 104 230
59 138 181 448 309 93 624 680 197 419 182 359 210 409 652 250 219 416 559 247 64 696 527 22 308 148 84
675 481 352 390 463 150 386 507 269 221 408 312 633 575 348 320 108 299 233 457 147 382 620 389 528 259 566
10 317 533 537 467 625 345 363 327 380 570 351 617 639 152 107 503 206 316 69 509 431 60 517 612 590 66
153 166 384 446 344 236 666 6 387 72 284 151 376 719 143 437 28 425 185 663 252 280 466 354 366 514 630
