11 30
00000010010000100000000010000
00000010000000100000000010000
00000010000000100000000010000
00000010000000100000000010000
00000000000000100000000010000
00000000000000100000000010000
00000001000000000000000010000
00000001000000000000000010000
00000001000000000000000110000
00000001000000000000000110000
00000001000000000000000100000
00000001000000000000000100000
00000001000000000000000100000
00000100000000000000000100000
00000100001000000000000100000
00000100001000000100000100000
00000100001000000100000100000
00001100001000000100000100000
00001100001000000100000100000
00001001001000000100000100000
00000001001000000100000100100
00000001000000000100000000100
00000001000000000100000000100
00000001000000000100000000100
00000001000000000100000001000
00000001000000000100000001000
00000001000000000100000001000
00000000000000000100000001000
00000000000000000100000000000
00000000000000000000000000000
111111000000000000000000000000
000000000000000000000000000000
000000000000000000000000000000
000000000000000000000000000000
000000000000000000000000000000
000000000000000000000000000000
100000011111111111001111111110
000000000000000000000000000000
000001111111100000000000000000
000000000000000000000000000000
111111111000000000000000000000
000000000000000000000000000000
000000000000000000000000000000
000001110000000000000000000000
000000000000000000000001111111
000000000000000000000000000000
011111111111000000000000000000
000000000000000000000000000000
000000000111100000000000000000
000000000000000000000000000000
000000000000000000000000000000
001111111111111110000000000000
000000000000000000000000000000
000000000000000000000000000011
000000000000000000000000000000
000000000000000000000000001111
000000000000000001111100000000
000000000000000011111111111110
000000000000000000000000000000
551 282 75 260 372 178 850 161 126 335 637 870 786 399 513 499 836 542 833 49 579 311 612 94 731 259 52 252 795 31
203 246 899 683 74 872 466 819 443 618 684 233 863 103 136 273 609 193 410 313 216 292 384 286 475 861 395 841 566 91
600 274 540 376 346 574 160 592 880 776 430 745 51 701 92 818 172 362 669 565 606 262 350 245 247 176 186 687 329 480
114 427 867 593 119 400 244 643 541 680 826 481 892 340 730 456 591 345 84 444 393 858 434 489 276 492 530 314 661 520
452 102 349 774 649 48 794 608 707 188 502 547 130 34 281 808 668 449 257 538 230 332 202 798 831 117 287 842 380 243
790 240 493 373 821 293 210 762 185 694 635 479 650 708 497 671 11 580 241 718 641 296 706 464 561 440 35 224 658 67
548 355 405 199 697 197 460 302 222 219 751 805 18 747 269 358 55 898 321 617 122 220 742 37 660 839 308 408 229 631
164 142 537 174 82 87 855 720 691 723 792 343 432 40 743 70 387 66 10 722 809 827 125 29 803 412 336 209 297 73
4 41 573 237 845 648 868 869 445 611 613 539 458 884 425 375 139 746 765 622 615 887 875 123 43 159 761 490 840 654
152 232 748 666 633 261 121 14 851 672 838 864 354 455 775 501 816 268 315 113 533 498 81 217 514 221 484 560 454 204
509 324 477 860 549 503 431 318 550 725 890 194 429 506 760 727 300 468 133 584 663 689 512 619 893 299 704 457 696 470
195 180 459 559 283 588 363 735 62 657 716 151 749 590 800 187 60 562 301 402 104 759 98 381 849 441 629 667 225 886
532 50 22 207 507 317 306 555 451 88 352 894 597 26 768 190 433 534 128 378 614 23 589 710 764 388 828 426 523 25
353 144 289 495 700 478 191 787 796 878 651 628 167 852 271 891 385 36 879 766 575 685 169 705 109 76 6 721 825 72
15 569 469 206 124 307 474 494 135 567 59 856 28 674 93 897 347 242 111 656 9 462 447 556 779 1 377 227 181 564
89 231 333 397 519 170 325 416 729 817 843 213 424 673 205 517 596 488 131 594 754 531 605 249 857 334 294 526 772 32
461 106 110 127 386 570 189 778 799 337 391 518 69 16 889 733 342 665 163 80 251 862 322 413 703 832 711 888 234 45
686 485 620 272 644 223 670 419 371 39 414 675 640 632 158 177 157 664 639 829 521 463 738 516 56 389 853 166 638 327
500 99 266 626 46 368 702 226 535 815 801 137 439 601 655 12 330 603 699 156 543 824 85 844 634 865 783 583 77 810
351 510 728 33 359 896 653 319 101 446 13 417 830 545 465 806 328 3 586 115 883 846 769 511 68 267 693 418 719 309
143 781 38 753 310 198 153 42 881 782 874 695 811 571 726 473 5 428 265 360 450 409 165 83 105 248 807 529 438 90
65 364 401 813 871 652 763 554 467 61 57 553 8 211 739 303 19 183 107 79 581 435 568 678 2 196 215 411 677 482
236 734 642 627 525 717 279 546 585 140 587 284 24 288 214 744 422 370 285 182 420 866 483 235 356 394 791 304 895 737
108 607 228 436 823 471 602 44 437 476 63 645 154 784 17 97 785 398 320 676 491 179 758 527 616 771 752 802 610 71
793 715 814 192 625 238 134 563 116 100 544 141 212 148 86 714 208 453 741 379 404 552 369 837 361 854 341 789 598 295
804 129 250 767 367 7 713 280 692 184 173 724 822 339 277 263 442 415 508 291 403 407 557 390 788 900 264 659 258 472
448 662 270 305 877 636 118 679 773 218 623 732 278 58 338 885 112 528 149 421 150 847 595 256 873 797 572 646 275 740
515 688 78 171 253 155 162 200 365 175 64 312 20 201 756 147 558 576 750 298 357 255 331 812 344 834 848 146 820 624
27 348 382 709 290 145 396 780 536 522 53 486 505 96 326 621 599 496 577 770 647 120 254 239 755 698 487 604 423 690
406 859 682 582 132 138 54 736 47 168 757 777 876 712 366 30 374 630 383 578 21 95 323 316 681 504 524 392 835 882
