13 30
00010000000001010100010000000
00010000000001010100010000000
01000101000001000001000101000
01000101000001000001000101000
00010001010100010100010000000
00010001010100010100010000000
00010100000001000000010000010
00010100000001000000010000010
01010000010100000000000000010
01010000010100000000000000010
01010001000001000000010101010
01010001000001000000010101010
01000100000101010001010000000
01000100000101010001010000000
00010001000000000000000001010
00010001000000000000000001010
01000001010100010100010100010
01000001010100010100010100010
01000100010000000100000000000
01000100010000000100000000000
01010100000100000101010100010
01010100000100000101010100010
00010000000100000000000101000
00010000000100000000000101000
01000001010001000001010000000
01000001010001000001010000000
00000001010000000100010100000
00000001010000000100010100000
00000100010001000001010101010
00000100010001000001010101010
000000000000000000000000000000
001100000011110000110011000011
000000000000000000000000000000
001100111100000000110000001111
000000000000000000000000000000
001100110011001111111111001100
000000000000000000000000000000
000011001100111111110011111100
000000000000000000000000000000
001111110011111111001100111100
000000000000000000000000000000
000000111100000011000011000000
000000000000000000000000000000
001100110011110011111111000000
000000000000000000000000000000
000000110011111100110011111100
000000000000000000000000000000
000011110000001111111100110000
000000000000000000000000000000
001100110000001111001111110000
000000000000000000000000000000
000000110011111111110000001111
000000000000000000000000000000
000011110011001100110000001100
000000000000000000000000000000
111100111111111111001100001111
000000000000000000000000000000
110011000000111100000000000000
000000000000000000000000000000
38 660 210 68 431 320 753 102 428 166 350 783 266 485 799 739 755 692 545 129 785 899 242 761 831 61 850 474 648 480
281 720 316 558 802 559 503 535 176 538 249 269 103 623 889 452 601 861 740 681 844 736 364 803 411 154 446 101 635 367
263 75 26 880 14 469 640 694 62 160 422 247 360 338 47 804 380 285 505 212 127 621 59 244 895 170 8 354 645 841
205 886 149 672 79 884 324 532 274 178 378 122 742 579 605 157 275 80 182 429 444 168 66 467 239 388 386 151 78 58
98 563 9 319 195 347 358 105 690 473 877 872 758 665 556 878 789 432 772 834 629 260 820 638 109 449 94 391 580 236
226 695 216 192 296 116 892 490 248 863 586 346 805 155 4 835 794 148 748 812 642 107 29 67 69 30 461 253 598 743
152 697 270 85 196 454 394 659 301 612 631 340 643 97 203 10 443 857 676 615 433 683 848 492 614 824 891 427 425 809
286 550 177 568 865 566 881 840 531 869 656 135 883 704 678 183 45 636 35 280 682 282 724 719 93 146 7 674 381 576
571 156 788 335 754 424 530 173 370 624 417 463 792 744 894 262 333 223 220 819 318 321 475 140 96 808 445 515 214 344
728 552 420 175 362 670 778 862 234 217 843 732 814 232 498 16 162 315 181 237 551 124 489 453 885 600 764 582 410 65
421 438 325 377 664 874 833 796 790 517 356 341 751 644 807 194 327 721 466 451 376 295 542 284 342 37 87 870 331 786
118 277 583 224 609 56 731 418 516 509 343 186 153 121 395 497 246 99 608 801 759 587 673 737 397 641 414 703 5 238
323 560 716 830 117 198 663 28 330 309 653 189 646 604 83 553 544 775 458 302 167 3 113 125 607 297 31 334 348 499
287 487 111 879 24 575 537 250 562 310 306 76 613 460 527 128 855 402 141 745 606 825 852 163 17 372 81 351 207 549
19 442 396 900 639 147 626 71 506 619 144 478 777 839 405 138 457 708 289 588 770 649 379 787 254 292 602 104 283 526
174 518 860 705 299 867 120 564 273 510 647 40 243 60 521 774 625 399 554 668 390 437 853 64 73 55 630 115 450 184
171 43 766 671 384 838 298 590 143 6 620 229 845 231 569 366 375 15 650 123 528 500 108 222 520 823 228 185 514 555
494 374 533 595 413 687 423 201 326 707 540 204 634 307 345 693 227 727 363 470 818 407 77 403 726 706 190 749 570 416
628 717 225 572 72 677 585 300 746 757 679 20 822 456 897 180 259 159 41 53 22 893 430 578 106 603 382 504 546 610
511 49 11 675 888 211 715 508 828 322 896 543 483 747 132 188 36 400 126 779 57 767 699 523 565 730 332 18 39 271
525 305 434 584 468 589 797 875 42 821 13 415 658 680 401 541 491 436 349 714 255 136 169 512 866 233 191 574 208 557
592 471 339 750 383 202 404 798 256 74 290 776 524 336 92 197 257 112 890 328 829 763 462 213 25 264 165 773 547 768
230 522 654 193 811 655 387 684 355 365 293 760 130 278 513 486 34 385 689 353 685 795 54 847 27 90 426 88 573 701
209 258 657 172 51 218 622 718 793 419 158 359 279 496 311 131 371 50 265 91 221 44 661 317 735 308 161 782 95 179
791 187 459 596 215 898 199 738 240 406 882 854 887 114 398 729 632 627 762 815 314 816 200 827 577 357 868 479 698 313
276 669 611 519 477 597 842 871 133 373 392 529 361 48 267 261 826 493 700 139 488 241 294 465 752 591 539 702 2 876
82 33 536 70 637 435 482 288 599 780 150 235 849 329 393 464 110 534 312 873 145 507 756 691 851 696 832 686 291 856
455 219 408 806 89 864 771 352 52 633 800 813 369 581 134 476 769 502 23 268 712 501 616 245 119 1 32 667 651 722
440 594 100 817 495 481 725 389 723 859 46 846 63 617 86 84 206 709 409 688 666 733 412 662 781 810 548 447 741 711
837 561 618 21 252 251 12 784 734 448 142 567 710 652 439 441 303 272 858 164 765 337 593 484 137 713 836 304 472 368
