15 40
000000000000000000000000000000000000000
000000000000000000000000000000000000000
000000000000000000000000000000000000000
000000000000000000000000000000000000000
000000000000000000000000000000000000000
000000000000000000000000000000000000000
000000000000000000000000000000000000000
000000000000000000000000000000000000000
000000000000000000000000000000000000000
000000000000000000000000000000000000000
000000000000000000000000000000000000000
000000000000000000000000000000000000000
000000000000000000000000000000000000000
000000000000000000000000000000000000000
000000000000000000000000000000000000000
000000000000000000000000000000000000000
000000000000000000000000000000000000000
000000000000000000000000000000000000000
000000000000000000000000000000000000000
000000000000000000000000000000000000000
000000000000000000000000000000000000000
000000000000000000000000000000000000000
000000000000000000000000000000000000000
000000000000000000000000000000000000000
000000000000000000000000000000000000000
000000000000000000000000000000000000000
000000000000000000000000000000000000000
000000000000000000000000000000000000000
000000000000000000000000000000000000000
000000000000000000000000000000000000000
000000000000000000000000000000000000000
000000000000000000000000000000000000000
000000000000000000000000000000000000000
000000000000000000000000000000000000000
000000000000000000000000000000000000000
000000000000000000000000000000000000000
000000000000000000000000000000000000000
000000000000000000000000000000000000000
000000000000000000000000000000000000000
000000000000000000000000000000000000000
1111111111111111111111111111111111111110
0111111111111111111111111111111111111111
1111111111111111111111111111111111111110
0111111111111111111111111111111111111111
1111111111111111111111111111111111111110
0111111111111111111111111111111111111111
1111111111111111111111111111111111111110
0111111111111111111111111111111111111111
1111111111111111111111111111111111111110
0111111111111111111111111111111111111111
1111111111111111111111111111111111111110
0111111111111111111111111111111111111111
1111111111111111111111111111111111111110
0111111111111111111111111111111111111111
1111111111111111111111111111111111111110
0111111111111111111111111111111111111111
1111111111111111111111111111111111111110
0111111111111111111111111111111111111111
1111111111111111111111111111111111111110
0111111111111111111111111111111111111111
1111111111111111111111111111111111111110
0111111111111111111111111111111111111111
1111111111111111111111111111111111111110
0111111111111111111111111111111111111111
1111111111111111111111111111111111111110
0111111111111111111111111111111111111111
1111111111111111111111111111111111111110
0111111111111111111111111111111111111111
1111111111111111111111111111111111111110
0111111111111111111111111111111111111111
1111111111111111111111111111111111111110
0111111111111111111111111111111111111111
1111111111111111111111111111111111111110
0111111111111111111111111111111111111111
1111111111111111111111111111111111111110
0111111111111111111111111111111111111111
1111111111111111111111111111111111111110
0111111111111111111111111111111111111111
1111111111111111111111111111111111111110
266 12 887 1200 511 672 1346 1066 1405 809 1443 764 738 960 653 1564 1106 898 957 363 272 964 909 399 37 50 71 1375 25 1094 810 43 1002 1185 1473 79 1153 1225 1237 1517
1132 825 1109 1096 1392 1060 377 1364 864 1391 342 406 1548 183 1543 590 22 1308 1356 290 1083 1175 1430 666 468 661 618 1059 481 836 848 1067 190 534 1212 736 1244 87 834 643
597 1578 1469 1174 978 331 1441 1350 1336 472 969 15 135 1320 896 1254 1313 1504 1048 257 1190 7 480 586 436 758 1021 1214 376 1414 477 701 1483 632 1277 244 1409 546 1347 1140
316 32 1549 1209 696 263 1309 604 1397 1449 341 271 245 270 1051 948 366 623 1101 856 148 999 846 1294 1544 1260 11 374 779 1045 17 309 490 469 512 941 1229 163 1151 1173
393 614 340 40 812 404 491 139 483 435 845 663 85 1411 154 517 1492 1008 783 1467 1245 173 1102 348 1585 866 269 1081 205 237 325 1239 1588 1422 256 1360 471 1379 745 58
1221 543 1050 1381 421 1499 484 656 615 239 1246 987 1493 816 854 151 968 1396 133 446 1388 235 1207 1317 1115 714 1579 1075 202 951 231 1486 116 1545 641 405 1287 807 975 708
302 76 537 1435 1176 1329 1436 939 86 1576 1546 1451 170 166 106 276 192 292 1087 1086 717 1551 1195 455 227 431 1417 588 1412 555 1408 1183 1196 303 122 1528 879 1234 830 1452
1082 1270 336 355 114 504 965 422 352 1108 38 440 613 631 823 1216 1505 569 795 84 955 1524 984 893 6 394 1354 34 734 575 1026 427 927 293 414 1484 552 637 860 1116
938 487 39 42 616 821 1470 100 288 1141 1494 1177 1084 556 162 1257 265 1090 1194 228 630 449 1186 219 607 782 1232 1531 1022 141 640 907 1271 23 843 970 1283 1324 1423 509
73 794 149 126 1490 1502 629 793 1553 649 1211 800 1587 105 1461 345 220 919 721 1432 1249 361 647 998 31 902 1280 695 18 416 218 213 572 1031 107 711 702 1590 1322 842
837 1367 74 412 1189 91 442 1331 438 386 1162 829 1569 771 1010 78 576 1098 5 1001 1460 203 828 587 796 548 136 397 1267 930 409 1555 1321 937 199 214 1510 683 554 1046
544 791 1113 595 853 322 1077 1410 1276 579 805 4 503 387 156 188 178 1036 1289 492 335 197 991 682 1233 1057 1580 1037 1508 426 797 1137 972 903 1395 787 1038 1406 1160 982
1028 571 1204 382 354 146 1542 123 910 498 1024 746 759 505 1571 1142 739 1596 720 803 1463 1304 77 1017 570 886 608 120 528 790 913 1124 1230 1478 1431 944 210 762 1584 996
811 395 408 650 1487 599 997 949 1448 1307 627 1092 1215 312 45 93 1359 523 208 369 278 1466 741 1120 195 1345 541 602 1210 1300 1224 507 1401 200 1062 684 1326 827 559 1152
832 605 460 1179 358 776 1488 929 1340 1281 1014 549 321 165 1015 444 1310 478 1296 1481 289 1541 716 493 1007 1515 1056 243 1118 950 402 564 110 689 1394 1122 425 700 753 924
410 333 368 831 320 954 1527 1482 70 515 533 598 914 268 1514 506 1373 121 155 53 852 644 206 723 1568 1335 912 933 892 463 1243 1004 867 326 1208 488 1299 1358 1040 1112
494 535 883 1078 36 1247 956 768 1264 296 64 901 642 1286 1125 81 367 1131 594 962 1236 1218 29 818 215 580 585 986 844 1511 617 274 1058 1275 974 486 1184 961 1507 475
881 819 751 464 1126 1301 508 169 1521 540 65 942 318 1570 777 1523 561 1290 1274 824 41 1256 1165 233 667 452 473 338 1398 743 177 976 1262 250 1472 264 1362 330 423 1269
1121 621 1495 298 789 474 1288 1159 280 175 252 730 1100 26 323 1291 251 888 1574 516 761 725 1311 817 801 184 529 880 959 625 88 781 1156 99 189 514 33 1272 1155 1130
1085 221 652 971 158 908 806 1348 1355 1251 869 542 952 1343 622 1298 281 1363 850 706 918 1104 1041 13 889 211 1407 92 707 562 101 72 137 1560 1203 826 946 130 871 691
379 319 445 1540 620 207 337 360 1592 502 990 752 737 1561 418 1161 305 1219 875 1334 1323 693 610 49 550 1250 1012 1374 858 164 19 1034 1172 447 1013 525 400 648 1344 1202
1577 185 677 454 1009 339 160 378 392 332 1103 1164 1377 142 375 495 60 1559 1319 1285 527 813 364 1089 489 712 229 230 593 217 415 1455 283 865 1426 1167 417 172 1594 346
314 499 300 815 1068 592 1052 1278 262 55 1365 1071 1591 362 1556 432 940 1076 1315 849 1369 1525 774 1136 600 1228 127 876 279 1382 1370 763 868 1357 413 240 90 870 430 448
568 129 1145 59 833 766 94 1235 565 8 863 668 1198 143 1458 191 1380 935 1297 128 673 1273 1442 1178 1191 657 1474 258 1180 1519 297 1157 518 1599 905 583 945 573 1123 963
390 727 96 1420 20 634 1268 1468 102 718 1095 385 664 1170 424 1133 51 928 820 501 1238 519 601 1168 439 1537 1011 350 347 482 917 995 636 966 462 1427 1129 658 916 1497
1303 457 1562 1501 1258 1533 80 1055 1065 1393 857 750 872 62 980 1302 772 1181 1016 285 1032 510 1061 560 159 635 308 1147 1476 1197 531 703 1143 885 603 665 1600 690 459 222
1018 193 61 465 1027 497 365 168 294 441 841 1114 1263 589 1292 1349 713 403 1222 733 147 115 370 671 624 884 698 638 1149 1404 1306 728 1353 685 1006 1419 249 152 567 757
46 839 2 694 238 1413 923 551 132 1572 216 1384 792 581 1025 802 373 1539 1341 947 1415 662 1485 174 1073 1063 118 108 1107 420 97 56 1593 765 688 328 878 775 1498 611
705 253 1462 1226 967 874 988 1416 749 109 1220 1516 1450 1589 282 35 315 1529 822 915 1506 557 882 1255 526 224 992 582 755 10 1428 1005 389 353 1361 1457 381 578 722 744
1042 1146 1491 1383 735 1138 1557 626 799 466 150 1293 450 47 798 476 1421 1512 994 1563 248 681 1597 180 1330 14 1158 785 1049 157 380 1033 1043 52 411 304 977 921 1440 584
1438 804 1080 778 259 1097 574 788 1139 204 692 1154 225 545 628 985 679 1386 83 1475 275 9 1144 1117 911 686 1598 1586 198 171 1201 500 273 1479 1199 1135 719 226 48 645
1265 784 329 1148 1105 538 612 181 904 429 112 1387 182 1128 1581 351 161 731 890 715 433 1464 989 1023 138 383 1352 1187 1496 242 756 1029 1166 748 1434 1035 1240 57 1248 1402
1342 847 236 313 1366 838 1003 311 209 1019 754 1439 95 678 1192 1459 1213 54 724 1425 1565 307 267 539 855 187 606 742 1444 524 859 63 1079 931 532 119 1454 223 1489 536
577 1127 1069 609 530 24 1520 104 1099 176 247 372 1526 28 1205 254 1583 98 234 953 1573 1447 1471 547 1217 470 401 1456 1437 697 563 196 145 675 1477 814 68 371 786 1509
1150 894 201 111 479 451 277 67 1575 1044 261 1465 1054 419 1446 260 1227 456 117 1337 981 1305 676 179 770 1110 1453 1111 1429 1558 710 1171 1535 1327 1119 1371 851 1039 1376 327
767 27 1339 407 153 553 1072 732 186 973 458 925 1231 131 1316 654 144 835 391 1424 357 1206 295 513 1385 861 396 1328 1252 680 241 862 125 212 639 124 674 75 1534 891
16 113 1566 301 69 44 1223 1536 1500 747 1053 1030 398 1259 1378 1318 1389 384 467 1325 704 780 1390 760 1074 443 1552 1261 140 840 1312 646 1 932 1433 943 1020 687 1595 1538
103 873 134 1193 299 1333 246 1554 619 1253 1000 983 958 1295 1445 388 520 906 522 291 317 1242 306 89 1351 773 1134 669 310 934 1530 558 655 659 356 670 1091 1399 66 334
920 1088 1582 1279 1169 651 1338 434 232 1163 1513 699 566 82 359 437 1368 30 521 726 899 324 1518 21 895 1503 1047 808 660 926 287 1400 1282 286 349 1284 596 461 633 1403
1070 1182 709 936 897 900 922 453 1550 877 255 194 1418 284 1480 167 1522 740 344 1314 591 485 1064 729 3 496 1372 343 769 1266 428 1241 993 1547 1532 1567 1093 1188 979 1332
