16 40
000001000000000000000000000000000000100
000000000000000000000000000000000000100
000000000000000000000000000000000000100
000000000000000000000000000000000000100
000000000000000000000000000000000000100
000000000000000000100000000000000000100
000000000000000000100000000000100000100
000000000000000000100000000000100000000
000100000000000000100000000000100000000
000100000000000000100000000000100000000
000100000000000000100000000000100000000
000101000000000000100000000000110000000
000101000000000000100000000000110000000
000101000000000000100000000000110000000
000101000000000000100000000000110000000
000101000000000000100000000000110000000
000101000000000000100000000000110000000
000101000000000000100000000000110000000
000101100000000000100000000000110000000
000101100000000000100000000000110000000
000001100000000000000000000000110000000
000001100000000000000000000000110000000
000000100000000000000000000000110000000
000000100000000000000000000000110000000
000000100000000000000000000000010000000
000000100000010000000000000010010000000
000000100000010000000000000010010000000
000000100000010000000000000010010000000
100000100000010000000000000010010000000
100000100000010000000000000010000000000
100000100000010000000000000010000000000
100000100000010000000000000010000010000
100000100000010000000000000010000010000
100000100000010000000000000010000010000
100000100000010000000000000010000010000
100000100000010000000000000010000010000
100000100000010000000000000010000010000
100000000000000000000000000010000010000
100000000000000000000000000000000010000
100000000000000000000000000000000000000
0000000000000000000000000000000000000000
0000000000000000000000000000000000000000
0000000000000000000000000000000000000000
0000000000000000000000000000000000000000
0000000000000000000000000000000000000000
0000011111111111111000000000000000000000
0000000000000000000000000000000000000000
0000000000000000000000000000000000000000
0000000000000000000000000000000000000000
0111111111111111111000000000000000000000
0000000000000000000000000000000000000000
0000000000000000000000000000000000000000
0000000000000000000000000000000000000000
1111111111111110000000000000000000000000
0000000000000000000000000000000000000000
0000000000000000000000000000000000000000
0000000000000000000000000000000000000000
0000000000000000000000000000000000000000
0000000000000000000000000000000000000000
0000000000000000000000000000000000000000
0000000000000000000000000000000000000000
0000000000000000000000000000000000000000
0000000001111111111111111000000000000000
0000000000000000000000000000000000000000
0000000000000000000000000000000000000000
0000000000000000000000000000000000000000
0000000000000000000000000000000000000000
0000000000000000000000001111111110000000
0000000000000000000000000000000000000000
0000000000000000000000000000000000000000
0000000000000000000000000000000000000111
0000000000000000000000000000000000000000
0000000000000000000000000000000000000000
0000000000000000000000000000000000000000
0000000000000000000000000000000000000000
0000000000000000000000000000000111111111
0000000000000000001111111111110000000000
0000000000000000000000000000000000000000
0000000000000000000000000000000000000000
1104 128 854 1219 1434 924 355 823 1486 372 1538 1357 1319 522 186 920 664 1549 952 88 1090 257 797 1463 265 1016 117 826 897 1245 1171 119 1147 1205 1286 360 639 1206 221 761
571 1341 1126 927 280 703 789 530 576 1140 1184 795 506 937 690 1413 380 1014 527 1448 514 710 561 1408 1261 696 1311 1469 628 435 248 715 46 485 184 433 1400 966 911 147
244 1347 489 94 1550 1271 1596 17 1073 622 1128 277 189 665 997 345 983 484 1185 1262 1412 160 325 500 1031 1065 1576 241 580 9 1511 406 777 47 1389 1082 678 884 1314 637
882 1026 706 231 318 1154 584 415 136 755 1318 1584 883 8 846 632 936 1227 98 837 392 501 733 247 904 398 1382 1435 1242 757 765 482 1089 525 100 725 775 577 394 791
1494 333 65 310 700 1130 427 1266 574 1237 334 1397 608 981 1190 657 120 691 1285 701 6 1306 149 498 688 808 910 276 192 402 1588 1118 32 620 1459 849 1591 1505 123 281
564 1048 57 449 478 219 524 1593 969 134 1278 658 1444 1106 796 888 641 102 400 1525 40 1530 1077 643 1539 550 880 474 843 188 1523 1169 1270 1336 233 107 600 1349 245 1144
794 18 1526 667 1546 1049 77 142 800 74 1053 150 434 16 143 211 1551 931 978 1366 55 26 1384 1597 173 61 207 307 1368 258 29 1465 1454 91 443 290 996 322 1458 1265
1457 294 252 202 464 1111 1600 1479 717 1453 1064 1565 1174 751 868 1166 388 261 1586 768 589 1374 316 677 554 1170 144 970 1234 1438 116 266 196 570 918 101 395 1483 1251 656
364 92 1241 845 729 1277 1191 269 407 187 1418 223 1160 72 158 296 812 1086 806 1545 510 1015 809 1 1499 494 1559 1474 560 508 1229 827 179 1354 541 162 112 371 1084 726
357 685 933 1405 1579 1462 1275 1061 1139 1561 185 1583 327 1461 1173 1508 1027 760 1587 792 194 42 1235 654 995 1103 460 1255 875 476 1513 1510 781 1116 1150 1340 156 1038 1080 1568
359 399 1308 1394 612 572 347 598 309 1087 218 227 814 832 197 963 1291 773 595 638 905 108 1450 78 1472 873 741 1302 240 1395 383 499 1514 429 1452 461 538 1145 1127 1239
687 1556 1367 384 1528 1267 944 1121 114 44 232 932 1102 424 935 389 744 1485 129 236 1216 382 737 37 1355 1432 903 774 110 840 1172 1224 567 1492 1258 719 82 1231 154 256
1248 1232 365 1426 902 977 39 1164 34 1246 1516 1387 386 1329 401 1477 425 81 661 1520 1421 1115 1537 373 1161 339 1446 171 1410 308 590 1105 1482 255 1067 958 1293 1299 463 1447
320 1213 1138 649 1032 1381 472 1436 617 1512 201 942 1243 1322 1189 1420 825 67 728 1292 1208 881 1008 1429 704 582 161 1044 878 1274 480 408 1594 1149 1137 526 1001 428 36 1281
1203 59 1287 181 297 226 224 1598 1143 1228 21 513 604 431 1020 673 477 404 414 816 824 396 483 520 1202 1379 1402 348 1464 22 630 49 409 1589 1491 1218 151 602 750 326
363 212 581 707 693 2 1422 73 1273 743 298 135 455 234 332 1133 1343 950 682 1043 1543 1437 847 1207 152 754 957 502 1478 492 250 702 421 818 627 940 993 118 1222 377
1201 263 1236 346 1085 692 1393 955 669 387 586 1045 1335 828 1165 736 174 1376 919 313 1194 412 863 1595 278 321 872 971 838 718 908 989 103 1238 132 866 1091 1093 95 1135
1072 1108 1562 1158 342 1177 1575 583 1052 533 945 208 390 1542 1338 1034 385 1004 215 475 438 713 1181 681 1134 929 96 835 772 1279 711 1428 1068 652 1054 1522 1260 282 569 1249
1574 1388 15 756 537 1182 1358 960 1097 926 548 1415 493 529 1019 80 1334 471 299 1497 1517 1527 899 1331 30 495 779 1101 720 1441 1342 1590 125 7 243 859 50 753 1153 865
356 1360 601 1414 1046 106 1476 349 1449 1406 1023 335 613 306 807 5 238 1346 830 764 330 973 1099 862 1553 986 23 1377 867 354 172 1069 834 1307 448 1041 579 1288 593 378
1337 454 1186 63 1325 413 467 1123 896 803 1175 1529 1365 1350 479 1193 1013 1466 337 640 148 375 1313 1155 1117 549 1230 1142 1188 784 33 1504 984 146 447 90 105 1321 235 1269
914 684 1289 877 206 328 853 1081 1548 606 906 462 596 1344 286 559 1534 13 1573 1200 1375 885 605 1006 651 653 1317 1315 169 507 722 411 1385 546 1030 1011 556 1345 452 988
175 1070 1114 1280 446 1356 1157 164 629 439 4 311 1196 1033 749 481 199 716 1122 1272 69 819 655 724 659 111 915 1022 699 1131 331 1010 1212 1156 1296 1110 869 288 75 465
83 1500 473 1233 3 619 1168 329 635 1495 521 1098 1364 1297 126 198 1263 469 683 31 490 319 1330 1282 887 646 366 1211 405 312 1094 292 545 1351 264 815 358 972 11 616
121 344 176 1083 912 315 379 1198 260 575 1370 1473 340 786 1309 352 1396 532 203 450 679 1581 343 445 769 1445 369 1047 273 370 1124 300 165 1199 1507 1220 666 1119 27 948
705 1096 374 747 87 1000 1451 1493 1167 644 127 457 1141 430 557 488 573 793 991 671 708 1535 1498 1348 623 714 182 841 998 1136 624 662 242 159 780 992 1192 458 1554 723
1066 1361 70 200 531 1268 949 1547 961 746 785 304 864 353 1380 1399 1063 79 14 672 440 1571 650 341 1489 1470 956 289 1398 302 130 1540 1092 976 1295 53 52 1496 178 1003
517 1197 1390 1304 491 1401 1524 547 695 801 1577 293 1372 1555 603 951 523 28 1247 923 870 512 1257 953 1300 946 1362 798 831 168 1353 393 64 35 879 1276 205 1076 916 157
668 1283 552 1324 599 738 770 1195 539 1533 542 848 588 1060 436 361 338 54 209 275 1259 985 858 861 271 739 270 1107 745 1079 1074 1183 1221 1037 631 1423 1256 1569 680 1264
660 566 237 336 1187 214 1439 1424 876 137 900 1352 857 921 763 959 1386 734 975 730 1316 712 568 12 1371 974 551 607 752 1290 323 544 1391 999 1129 1059 86 71 1039 967
505 486 758 1582 141 810 376 1204 1244 802 1109 279 19 1502 528 1456 1425 216 1455 587 1501 1509 1303 913 139 138 516 1541 1176 787 1320 762 1005 85 305 836 1057 410 1431 563
663 518 987 1557 898 1163 842 204 895 698 368 534 1383 1009 1460 790 251 1055 419 1071 930 856 1301 817 45 562 167 122 1419 1328 907 76 284 1062 1180 287 813 1558 1403 925
922 25 1021 676 851 891 820 420 193 249 839 621 558 732 822 1210 113 892 1363 109 1531 1359 909 1480 771 1333 1503 1310 1417 1487 1544 783 855 689 1409 24 748 145 246 190
1467 890 1056 1578 1564 941 285 821 943 1521 459 1490 1552 93 267 423 759 291 1416 1298 686 367 417 1152 1151 844 222 874 1323 1284 1294 177 324 56 585 153 939 426 1411 1430
195 48 1566 954 272 917 675 964 829 1214 980 1332 1536 1570 487 1113 303 170 1035 1404 1095 416 1392 979 735 1305 217 614 1050 611 636 301 1250 1078 1162 782 594 229 1481 740
804 504 694 1592 709 403 625 994 535 191 351 442 670 982 1051 1443 893 453 543 697 1002 766 1515 163 965 1029 180 239 228 133 391 934 894 645 38 1178 1028 497 456 213
938 1017 1580 381 592 259 634 990 626 230 731 283 811 68 1042 1312 1179 62 1252 166 742 124 317 540 466 60 1484 84 183 1253 674 1007 441 553 615 350 418 1369 1560 871
648 515 778 727 468 833 1519 1209 889 1373 140 1254 509 1488 58 1125 1506 99 1518 1339 503 295 1058 41 642 1599 1378 519 1018 444 115 1132 618 1159 43 432 1012 1326 225 850
962 633 362 555 591 104 1433 1148 437 1440 767 1225 1475 565 1471 1407 805 97 511 1240 1112 1040 496 1025 852 253 470 1563 1442 451 799 901 268 647 947 886 1024 1226 1327 254
1585 776 422 609 1100 155 1223 397 66 1120 1567 610 20 314 1146 1088 578 1468 1217 1572 1215 274 928 597 1532 220 968 721 788 89 262 1427 51 131 1075 210 1036 10 536 860
