19 100
000000000000000000000000000000000000000000000000000000000000000000000000000000000000000100000000000
000000000000000000000000000000000000000000000000000000000000000000000000000000000000000100000000000
000000000000000000000000000000000000000000000000000000000000000000000000000000000000000100000000000
000000000000000000000000000000000000000000000000000000000000000000100000000000100000000100000000000
000000000000000000000000000000000000000000000000000000000000000000100000000000100000000100000000000
000000000000000000000000000000000000000000000000000000000000000000100000000000100000000000000000000
000000000000000000000000000000000000000000000000000000000000000000100000000000100000000000000000000
000000000000000000000000000000000000000000000000000000000000000000100000000000100000000000000000000
100000000000000000000000000000000000000000000000000000000000000000100000000000100000000000000000000
100000000000000000000000000000000000000000000000000000000000000000100000000000100000000000000000000
100000000000000000000000000000000000000000000000000000000000000000100000000000100000000000000000000
100000000000000000000000000000000000000000000000000000000000000000100000000000100000000000000000000
100000000000000000000000000000000000000000000000000000000000000000100000000000100000000000000000000
100000000000000000000000000000000000000000000000000000000000000000100000000000100000000000000000000
100000000000000000000000000000000000000000000000000000000000000000100000000000100000000000000000000
100000000000000000000000000000000000000000000000000000000000000000100000000000100000000000000000000
100000000000000000000000000000000000000000000000000000000000000000100000000000100000000000000000000
100000000000000000000000000000000000000000000000000000000000000000100000000000100000000000000000000
100000000000000000000000000000000000000000000000000000000000000000100000000000100000000000000000000
100000000000000000000000000000000100000000000000000000000000000000000000000000100000000000000000000
100000000000000000000000000000000100000000000000000000000000000000000000000000100000000000000000000
100000000000000000000000000000000100000000000000000000000000000000000000000000100000000000100000000
100000000000000000000000000000000100000000000000100000000000000000000000000000100000100000100000000
100000000000000000000000000000000100000000000000100000000000000000000000000000100000100000100000000
100000000000000000000000000000000100000000000000100000000000000000000000000000000000100000100000000
100000000000000000000000000000000100000000000000100000000000000000000000000000000000100000100000000
100000000000000000000000000000000100000000000000100000000000000000000000000000000000100000100000000
100000000000000000000000000000000100000000000000100000000000000000000000000000000000100000100000000
100000000000000000000000000000000100000000000000100000000000000000000000000000000000100000100000000
100000000000000000000000000000000100000000000000100000100000000000000000000000000000100000100000000
100000000000000000000000000000000100000000000000100000100000000000000000000000000000100000100000000
000000000000000000000000000000000100000000000000100000100000000000000000000000000000100000000000000
000000000000000000000000000000000100000000000000100000100000000000000000000000000000100000000000000
000000000000000000000000000000000100000000000000100000100000000000000000000000000000100000000000000
000000000000000000000000000000000100000000000000100000100000000000000000000000000000100000000000000
000000000000000000000000000000000100000000000000100000100000000000000000000000000000100000000000000
000000000000000000000000000000000100000000000000100000100000000000000000000000000000100000000000000
000000000000000000000000000000000100000000000000100000100000000000000000000000000000100000000000000
000000000000000000000000000000000100000000000000100000100000000000000000000000000000100000000000000
000000000000000000000000000000000100000000000000100000100000000000000000000000000000100000000000000
000000000000000000000000000000000100000000000000100000100000000000000000000000000000100000000000000
000000000000000000000000000000000100000000000000100000100000000000000000000000000000100000000000000
000000000000000000000000000000000100000000000000100000100000000000000000000000000000100000000000000
000000000000000000000000000000000100000000000000100000100000000000000000000000000000100000000000000
000000000000000000000000000000000100000000000000100000100000000000000000000000000000100000000000000
000000000000000000000000000000000100000000000000100000100000000000000000000000000000100000000000000
000000000000000000000000000000000100000000000000100000100000000000000000000000000000000000000000000
000000000000000000000000000000000100000000000000100000100000000000000000000000000000000000000000000
000000000000000000000000000000000100000000000000100000100000000000000000000000000000000000000000000
000000000000000000000000000000000100000000000000100000100000000000000000000000000000000000000000000
000000000000000000000000000000000100000000000000100000100000000000000000000000000000000000000000000
000000000000000000000000000000000100000000000000100000100000000000000000000000000000000000000000000
000000000000000000000000000000000100100000000000100000100000000000000000000000000000000000000000000
000000000000000000000000000000000000100000000000100000100000000000000000000000000000000000000000100
000000000000000000000000000000000000100000000000100000100000000000000000000000000100000000000000100
000000000000000000000000000000100000100000000000100000100000000000000000000000000100000000000000100
000000000000000000000000000000100000100000000000100000100000000000000000000000000100000000000000100
000000000000000000000000000000100000100000000000100000100000000000000000000000100100000000000000100
000000000000000000000000000000100000100000000000100000100000000000000000000000100100000000000000100
000000000000000000000000000000100000100000000000100000100000000000000000000000100100000000000000100
000000000000000100000000000000100000100000000000100000100000000000000000000000100100000000000000100
000000000000000100000000000000100000100000000000100000100000000000000000000000100000000000000000100
000000000000000100000000000000100000100000000000100000100000000000000000000000100000000000000000100
000000000000000100000000000000100000100000000000100000100000000000000000000000100000000000000000100
000000000000000100000000000000100000100000000000100000100000000000000000000000100000000000000000100
000000000000000100000000000000100000100000000100100000100000000000000000000000100000000000000000100
000000000000000100000000000000100000100000000100100000100000000000000000000000100000000000000000100
000000000000000000000000000000100000100000000100100000100000000000000000000000100000000000000000000
000000000000000000000000000000100000000000000100100000000000000000000000000000100000100000000000000
000000000000000000000100000000100000000000000100100000000000000000000000000000100000100000000000000
000000000000000000000100000000100000000000000100000000000000000000000000000000100000100000000000000
000000000000000000000100000000100000000000000100000000000000000000000000000000100000100000000000000
000000000000000000000100000000100000000000000100000000000000000000000000000000100000100000000000000
000000000000000000000100000000000000000000000100000000000000000000000000000000100000100000000000000
000000000000000000000100000000000000000000000100000000000000000000000000000000100000100000000000000
000000000000000000000100000000000000000000000100000000000000000000000000000000000000100000000000000
000000000000000000000100000000000000000000000100000000000000000000000000000000000000100000000000100
000000000000000000000100000000000000000000000100000000000000000000000000000000000000100000000000100
000000000000000000000100000000000000000000000100000000000000000000000000000000000000100000000000100
000000000000000000000100000000000000000000000100000000000000000000000000000000000000100000000000100
000000000000000000000100000000000000000000000100000000000000000000000000000000000000100000000000100
000000000000000000000100000000000000000000000100000000000000000000000000000000000000100000000000100
000000000000000000000100000000000000000000000100000000000000000000000000000000000000100000000000100
000000000000000000000100000000000000000000000100000000000000000000000000000000000000100000000000100
000000000000000000000100000000000000000000000100000000000000000000000000000000000000100000000000100
000000000000000000000100000000000000000000000100000000000000000000000000000000000000100000000000100
000000000000000000000100000000000000000000000100000000000000000000000000000000000000100000000000100
000000000000000000000100000000000000000000000100000000000000000000000000000000000000100000000000100
000000000000000000000100000000000000000000000100000000000000000000000000000000000000100000000000100
000000000000000000000100000000000000000000000100000000000000000000000000000000000000100000000000100
000000000000000000000100000000000000000000000100000000000000000000000000000000000000100000000000100
000000000000000000000100000000000000000000000100000000000000000000000000000000000000100000000000100
000000000000000000000100000000000000000000000100000000000000000000000000000000000000100000000000000
100000000000000000000100000000000000000000000100000000000000000000000000000000000000000000000000000
100000000000000000000100000000000000000000000100000000100000000000000000000000000000000000000000000
100000000000000000000100000000000000000000000000000000100000000000000000000000000000000000000000000
000000000000000000000100000000000000000000000000000000100000000000000000000000000000000000000000000
000000000000000000000100000000000000000000000000000000100000000000000000000000000000000000000000000
000000000000000000000100000000000000000000000000000000000000000000000000000000000000000000000000000
000000000000000000000000000000000000000000000000000000000000000000000000000000000000000000000000000
0000000000000000000000000000000000000000000000000000000000000000000000000000000000000000000000000000
0000000000000000000000000000000000000000000000000000000000000000000000000000000000000000000000000000
0000000000000000000000000000000000000000000000000000000000000000000000000000000000000000000000000000
0000000000000000000001111111111110000000000000000000000000000000000000000000000000000000000000000000
0000000000000000000000000000000000000000000000000000000000000000000000000000000000000000000000000000
0000000000000000000000000000000000000000000000000000000000000000000000000000000000000000000000000000
1111111100000000000000000000000000000000000000000000000000000000000000000000000000000000000000000000
0000000000000000000000000000000000000000000000000000000000000000000000000000000000000000000000000000
0000000000000000000000000000000000000000000000000000000000000000000000000000000000000000000000000000
0000000000000000000000000000000000000011111111111111111111111111111111111111111111111000000000000000
0000000000000000000000000000000000000000000000000000000000000000000000000000000000000000000000000000
0000000000000000000000000000000000000000000000000000000000000000000000000000000000000000000000000000
0000000000000000000000000000000000000000000000000000000000000000000000000000000000000000000000000000
0000000000000000000000000000000000000000000000000000000000000000000000000000000000000000000000000000
0000000000000000000000000000000000000000000000000000000000000000000000000000000000000000000000000000
0000000000000000111111111111111111111111111111111111111111111110000000000011111111111111111111111111
0000000000000000000000000000000000000000000000000000000000000000000000000000000000000000000000000000
0000000000000000000000000000000000000000000000000000000000000000000000000000000000000000000000000000
0000000000000000000000000000000000000000000000000000000000000000000000000000000000000000000000000000
0000000000000000000000000000000000000000000000000000000000000000000000000000000000000000000000000000
0000000000000000000000000000000000000000000000000000000000000000000000000000000000000000000000000000
0011111111111111111111111111111110000000000000000000000000000000000000000000000000000000000000000000
0000000000000000000000000000000000000000000000000000000000000000000000000000000000000000000000000000
0000000000000000000000000000000000000000000000000000000000000000000000000000000000000000000000000000
0000000000000000000000000000000000000000000000000000000000000000000001111111111111111111111000000000
0000000000000000000000000000000000000000000000000000000000000000000000000000000000000000000000000000
0000000000000000000000000000000000000000000000000000000000000000000000000000000000000000000000000000
0000000000000000000000000000000000000000000000000000000000000000000000000000000000000000000000000000
0000000000000000000000000000000000000000000000000000000000000000000000000000000000000000000000000000
0000000000000000000000000000000000000000000000000000000000000000000000000000000000000000000000000000
0000000000000000000000000000000000000000000000000000000000000000000000000000000000000000000000000000
0000000000000000000000000000000000000000000000000000000000000000000000000000000000000000000000000000
0000000000000000000000000000000000000000000000000000000000000000000000000000000000000000000000000000
0000000000000000000000000000000000000000000000000000000000000000000000000000000000000000000000000000
0000000000000000000000000000000000000000000000000000000000000000000000000000000000000000000000000000
0000000000000000000000000000000000000000000000000000000000000000000000000000000000000000000000000000
0000000000000000000000000000000000000000000000000000000000000000000000000000000011111111111111111111
0000000000000000000000000000000000000000000000000000000000000000000000000000000000000000000000000000
0000000000000000000000000000000000000000000000000000000000000000000000000000000000000000000000000000
0000000000000000011100000000000000000000000000000000000000000000000000000000000000000000000000000000
0000000000000000000000000000000000000000000000000000000000000000000000000000000000000000000000000000
0000000000000000000000000000000000000000000000000000000000000000000000000000000000000000000000000000
0000000000000000000000011111111111111111111110000000000000000000000000000000000000000000000000000000
0000000000000000000000000000000000000000000000000000000000000000000000000000000000000000000000000000
0000000000000000000000000000000000000000000000000000000000000000000000000000000000000000000000000000
0000000000000000000000000000000000000000000000000000000000000000000000000000000000000000000000000000
0000000000000000000000000000000000000000000000000000000000000000000000000000000000000000000000000000
0000000000000000000000000000000000000000000000000000000000000000000000000000000000000000000000000000
0000000000000000000000000000000000000000000000000001111111111000000000000000000000111111111111111111
0000000000000000000000000000000000000000000000000000000000000000000000000000000000000000000000000000
0000000000000000000000000000000000000000000000000000000000000000000000000000000000000000000000000000
0000000000000000000000000000000000000000000000000000000000000000111111111111111111111111111111111111
0000000000000000000000000000000000000000000000000000000000000000000000000000000000000000000000000000
0000000000000000000000000000000000000000000000000000000000000000000000000000000000000000000000000000
1111100000000000000000000000000000000000000000000000000000000000011111111110000000000000000000000000
0000000000000000000000000000000000000000000000000000000000000000000000000000000000000000000000000000
0000000000000000000000000000000000000000000000000000000000000000000000000000000000000000000000000000
1111000000000000000000000000000000000000000000000000000000000000000000000000000000000000000000000000
0000000000000000000000000000000000000000000000000000000000000000000000000000000000000000000000000000
0000000000000000000000000000000000000000000000000000000000000000000000000000000000000000000000000000
0000000000000000000000000000000000000000000000000000000000000000000000000000000000000000000000000000
0000000000000000000000000000000000000000000000000000000000000000000000000000000000000000000000000000
0000000000000000000000000000000000000000000000000000000000000000000000000000000000000000000000000000
1111111111111111111111111111100000000000000000000000000000000000000000000000000000000000000000000000
0000000000000000000000000000000000000000000000000000000000000000000000000000000000000000000000000000
0000000000000000000000000000000000000000000000000000000000000000000000000000000000000000000000000000
0000000000000000000000000000000000000000000000000000000000000000000000000000000000000000000000000000
0000000000000000000000000000000000000000000000000000000000000000000000000000000000000000000000000000
0000000000000000000000000000000000000000000000000000000000000000000000000000000000000000000000000000
0000000000000000000000000000000000000000000000000000000000000000000000000000000000000000000000000000
0000000000000000000000000000000000000000000000000000000000000000000000000000000000000000000000000000
0000000000000000000000000000000000000000000000000000000000000000000000000000000000000000000000000000
0000000000000000000000000000000000000000000000000000000000000000000000000000000000000000000000000000
0000000000000000000000000000000000000000000000000000000000000000000000000000000000000000000000000000
0000000000000000000000000000000000000000000000000000000000000000000000000000000000000000000000000000
0000000000000000000000000000000000000000000000000000000000000000000000000000000000000000000000000000
0000000000000000000000000000000000000000000000000000000000000000000000000000000000000000000000000000
0000000000000000000000000000000000000000000000000000000000000000000000000000000000000000000000000000
0000000000000000000000000000000000000000000000000000000000000000000000000000000000000000000000000000
0000000000000000000000000000000000000000000000000000000000000000000000000000000000000000000000000000
0000000000000000000000000000000000000000000000000000000000000000000000000000000000000000000000000000
0000000000000000000000000000000000000000000000000000000000000000000000000000000000000000000000000000
0000000000000000000000000000000000000000000000000000000000000000000000000000000000000000000000000000
0000000000000000000000000000000000000000000000000000000000000000000000000000000000000000000000000000
0111111111111111111111111111111000000000000000000000000000000000000000000000000000000000000000000000
0000000000000000000000000000000000000000000000000000000000000000000000000000000000000000000000000000
0000000000000000000000000000000000000000000000000000000000000000000000000000000000000000000000000000
0000000000000000000000000000000000000000000000000000111111111111111110000000000000000000000000000000
0000000000000000000000000000000000000000000000000000000000000000000000000000000000000000000000000000
0000000000000000000000000000000000000000000000000000000000000000000000000000000000000000000000000000
0000000000000000000000000000000000000000000000000000000000000000000000000000000000000000000000000000
0000000000000000000000000000000000000000000000000000000000000000000000000000000000000000000000000000
0000000000000000000000000000000000000000000000000000000000000000000000000000000000000000000000000000
0000000000000000000000000000000000011111111111111111111111111110000000000000000000000000000000000000
0000000000000000000000000000000000000000000000000000000000000000000000000000000000000000000000000000
0000000000000000000000000000000000000000000000000000000000000000000000000000000000000000000000000000
0000000000000000000000000000000000000000000000000000000000000000000000000000000000000000000000000000
0000000000000000000000000000000000000000000000000000000000000000000000000000000000000000000000000000
0000000000000000000000000000000000000000000000000000000000000000000000000000000000000000000000000000
4283 4146 5875 8602 3406 9716 3857 3684 4153 2259 9216 9201 6955 2058 422 6982 9693 5240 14 1914 5417 2576 7236 8739 3636 3303 9534 7007 9892 6157 3139 4724 9558 4455 1354 5337 8650 3601 108 1567 6156 7858 9008 7023 6508 6404 8059 7950 3564 1197 6769 1078 3807 5223 8754 7771 2028 2801 7073 5927 4550 8967 743 5006 5771 2423 9888 5082 8465 4818 90 4729 732 2235 8836 3264 2656 5228 2642 6449 5225 3306 5470 1662 576 6167 3467 1060 5350 5998 3346 3579 2469 5604 5709 7760 4939 1261 6582 6549
8147 5842 6745 93 5942 6874 1612 3172 1093 9684 783 8774 8217 7124 9859 543 7846 5212 5571 2105 6458 1569 8021 3926 1554 2247 6608 459 5484 6150 42 5935 6551 3534 2513 5286 9392 5342 1836 279 3356 7973 9269 8860 4606 7665 9270 3846 8510 4340 7962 9781 6473 5596 6677 5164 7196 2497 4070 719 4278 8469 8473 5049 8735 7883 1408 1466 8767 5138 6290 8091 4239 3290 9086 5613 5618 6993 7154 1014 1118 7592 8515 8372 9538 4760 7874 4233 8310 1636 4041 7937 824 210 9045 4211 2707 3263 9930 7554
7587 9287 4141 6529 9166 9764 9583 6461 9678 2526 3144 8993 9379 9182 8923 3261 9680 5872 4866 3521 6603 8131 4803 3196 3414 3231 8950 8678 2036 7595 8904 6757 8287 7693 1253 8566 715 3416 460 7190 1015 3130 6062 5297 9105 1123 2213 3439 7640 1443 8374 5203 5237 5151 8881 3316 5267 2828 2097 4558 6505 7225 9142 4472 1595 9466 2787 7711 7336 7349 1433 3545 3954 7040 8281 8758 8641 8971 3132 5993 7576 9288 9676 3889 3825 9935 7297 5434 8231 8620 8103 2269 2167 6295 4199 9804 2651 4837 4105 4506
6337 2982 9211 4016 1984 4896 1426 4494 9779 6893 3986 3685 1380 2354 6784 1521 9478 7327 1098 7573 4949 1532 2676 4706 4428 2847 5530 887 7032 768 8954 9073 5731 3839 351 5059 6190 608 8223 8845 556 3 414 5313 3729 6811 4530 6110 3395 4418 7841 2283 9309 9562 4586 4587 6067 6740 4764 1717 5415 1898 2617 5866 2530 6777 143 7250 5575 8798 8031 1110 8144 1053 9700 2906 9965 9356 4322 9686 9292 708 7427 4358 2165 9714 7307 8106 218 9772 8255 3382 892 3393 3934 357 2230 3094 3630 7516
4721 9170 9389 5723 1464 1100 107 6527 3404 3597 6626 4147 7889 3191 5679 9165 3567 1067 4714 7561 3428 5833 3294 7453 9556 7441 4258 4090 1940 6455 1621 9172 3635 9905 4459 7729 6496 2874 9893 3461 785 7744 2959 3661 5074 4287 8167 2228 1146 94 7855 9020 5871 602 9755 441 30 5149 4836 6787 553 6237 1787 5703 6689 585 721 4840 1023 5124 1309 7738 3546 6960 4061 672 5354 1113 8180 4910 8956 4795 2894 5569 767 5013 3888 6902 6181 3586 3676 813 9400 2261 6554 6716 3174 1948 9851 5834
8388 3106 7604 1283 8376 4512 5331 8959 6187 2747 1761 7557 9689 760 6614 1257 1271 7656 8942 2861 7722 5287 7633 935 3202 8398 3655 6957 8915 8622 8052 9035 7305 889 1249 564 5158 3897 8558 9406 8299 1959 3180 8658 526 7868 4578 1540 3969 898 3337 525 4184 4237 3419 3683 1734 1087 8944 399 4074 8357 9038 9994 2465 9896 963 2996 1328 7298 7372 9010 8577 8852 6285 4895 2388 467 9769 1854 7489 7461 3489 5335 7096 4145 5051 5370 4338 1232 5095 2790 2604 6199 5174 2168 2691 1121 7601 1012
2289 7444 2462 421 3863 4876 8461 8533 2540 1741 8556 1593 4618 6519 646 1963 1275 4534 7957 9667 4478 3640 6607 6530 1949 3728 3039 8247 6807 9501 9995 315 8794 798 9059 8186 5753 3026 7814 8512 2542 5184 273 3431 2722 9112 9845 8701 1646 4693 4959 6143 6357 9572 6959 8886 8727 3921 9376 3940 5933 9446 1065 9870 3574 3609 9194 9159 9601 2323 7092 1977 7149 9750 5689 5921 7586 8582 3426 2022 4582 8759 6684 7819 6100 3009 3035 9109 977 3569 3171 8121 9999 4148 8201 1910 8341 7084 9188 7739
8387 5348 689 4839 3608 8750 8182 5645 614 5087 2908 8841 1321 5272 2203 6184 6430 4501 4149 9856 4295 3971 131 2839 1939 3394 5946 5554 6392 5209 7778 5644 8549 6798 2794 9609 1148 7838 7071 9436 1760 7237 8516 9129 9429 2696 974 145 435 5941 2769 3398 4022 7948 8039 1063 7560 149 6570 1107 8525 8177 2239 6427 2 9156 4446 4954 4073 8690 4297 6703 536 9015 2034 6638 7179 7882 4951 8088 5705 4813 3884 1617 9143 2118 3924 3486 9508 6347 9332 5382 1997 9509 41 8219 8396 7602 7759 3091
4386 9210 4988 6761 5298 7078 389 7832 4270 8302 7240 1922 953 4540 3040 3987 3675 6719 5030 5173 6569 5421 1062 4457 8722 2353 1254 5126 5159 3575 6009 4698 2615 6986 5622 8023 5612 4351 7600 2370 656 2130 2600 7050 9072 4570 9869 6714 9654 9 6650 1615 5211 2601 6442 4395 2914 1286 6868 1128 4410 7548 9147 8588 7362 8982 9461 3086 1336 4373 2320 1525 3034 5368 9012 7603 1946 6667 7403 2337 3323 1162 395 272 6846 5090 358 5835 9137 8757 1520 2934 3566 1163 4787 5588 3845 6801 1450 959
7184 4102 8337 5388 8597 9806 4113 9731 132 8076 4193 2909 9220 6843 5593 7339 3844 2287 4124 2726 8151 3885 9732 396 6548 4404 5630 8407 5148 6776 7430 7866 2435 9993 3583 3351 5655 4434 1743 6426 4610 6522 6242 5535 3391 6783 9340 3047 3363 6467 8617 9164 5094 3529 1300 3131 4137 4126 6621 6785 9173 8720 3638 3349 2268 9278 5442 5818 638 1542 2956 155 4674 9831 2260 8892 8855 6032 7204 8042 611 5474 9252 4329 9883 5156 2224 6384 2443 6055 7068 714 4769 1079 1573 2591 7643 9574 1732 5086
8706 75 9512 4039 5528 4267 3212 5798 9665 6188 118 474 9403 691 3065 1556 2116 5728 9395 9424 6322 2953 4830 296 9428 3912 5683 2021 9940 7304 6060 8058 3538 5565 3015 7704 5139 739 8380 3629 6016 5637 9518 9980 7741 5789 3858 5506 5262 4782 4246 8797 9941 8647 2610 522 1529 2532 3283 8563 2554 4931 4590 7607 1873 7721 4195 6448 8329 3970 2404 1584 5206 7809 931 5104 6586 1950 4483 120 6027 2843 6928 5179 3150 5846 1427 7020 8265 412 4387 8061 778 3453 9920 9620 6382 4879 8683 5897
729 4441 9426 9500 3814 8921 9469 1127 7318 5260 5498 470 2277 5372 5378 9981 8972 4221 6 5071 7199 4968 1630 445 7351 2369 2668 1116 6178 8148 2025 9744 7501 8033 9394 863 5923 6236 9899 6298 828 1941 4566 8370 18 5794 5961 7074 5481 4913 8073 2857 1291 1784 4893 4038 7920 2859 7033 5266 9674 7090 6633 17 8047 5193 4272 6367 1126 7723 7880 509 7730 6941 6488 4254 3210 3423 1332 7015 9989 7680 8717 9887 2344 6372 6098 6387 9986 3282 6215 5790 6556 4303 2902 9929 3775 9889 7890 3914
9919 8133 2114 6134 6096 1772 9891 3804 4541 205 1674 5402 8449 3285 6024 8278 458 4948 1031 1506 7139 7288 6450 6436 1325 9628 3142 1783 2655 9470 2163 5329 9358 7519 6205 1931 9005 4622 3407 288 4095 1823 8175 4002 3756 637 6494 1899 7049 9599 9290 4171 2896 4678 9910 4284 7437 1312 5446 3245 9705 1640 780 8548 2863 4535 9160 1109 9753 7631 6657 9945 8590 9739 6026 8044 5654 2086 1454 7272 9393 9134 3483 8766 2454 9276 401 8120 1933 2636 1663 727 671 3224 9506 7706 6486 3690 4660 2316
955 6401 3104 5725 2030 5726 9420 9942 270 8584 9867 9300 3787 1555 1488 5047 6243 3445 8562 724 687 4517 9136 7614 2968 1358 492 6085 500 8497 1158 9369 5195 6202 7079 5625 5865 6487 3960 6635 5017 4115 1972 8908 9391 7459 994 1831 2211 7391 4616 320 8580 9186 4215 8092 2448 2171 6469 5511 5957 1055 1964 3854 8454 541 1352 1927 3164 3459 8227 5938 4527 8108 1839 7303 5997 4609 5666 2519 1316 8731 8504 6462 2414 8109 2508 1175 5898 1039 105 4742 6733 4856 7281 9570 6891 2062 3062 5319
5200 1813 9117 3441 6718 4219 7659 4942 7756 8413 4696 5937 3522 8603 2159 1903 9349 319 5383 8526 3907 4172 3183 6115 1878 6389 8536 6594 1341 2829 6260 9404 1101 7156 1778 3311 140 1076 7396 5764 6637 9554 9450 6698 9251 7528 7849 1153 5303 8067 1285 6444 5952 9702 2324 4995 7034 3930 9365 5140 9052 3989 1700 8303 3438 7847 9735 5847 789 439 3450 5763 4476 4700 7734 530 4169 4748 906 4980 8843 1429 6737 5804 6414 1982 4977 121 626 2110 4314 6630 5635 6011 7230 5408 8111 9027 9321 4109
1142 7579 8974 4630 4666 2223 8941 9017 6685 2661 5642 6708 5191 5966 9140 228 70 9555 301 710 5377 9639 3717 1746 1220 6077 5667 3979 7709 7376 5503 9860 7955 2539 9162 1469 4639 4810 1991 2815 1297 5578 7837 4086 2871 5324 2741 5410 5807 7747 8851 1818 5379 2351 6457 9053 3505 5925 8864 8356 8191 4299 2385 2702 6036 8179 6048 419 2055 8364 3194 5352 3669 7896 9730 4452 4321 4187 9465 4107 5485 3853 2767 7433 7312 8002 1124 2764 2760 2190 7991 4008 8335 969 8096 1467 3823 5983 1462 5732
9071 2529 9067 6257 7472 2078 6828 8100 1821 152 9196 5248 1684 1751 8770 3410 6147 8490 5877 8422 8492 7645 9423 8887 82 5454 1995 3189 1387 344 3465 8260 4637 5055 5856 3996 356 318 1419 4718 2096 2463 1006 1144 2258 9333 2944 5102 2805 8351 8037 1998 8507 2060 3099 1267 3237 5930 8353 3818 4838 2948 4069 6617 3548 7383 5719 3519 8889 2808 1471 8006 666 8074 8300 5394 557 3472 2381 6610 1115 1651 7480 8979 5878 8592 2511 4129 2046 3384 8703 5131 1634 5901 2969 9722 2466 7231 3495 665
5043 7553 3469 1345 9402 5675 6223 2626 7340 9250 7939 8969 9662 1097 4824 3797 1228 881 2933 3257 6862 7166 8509 3779 1711 3262 2082 956 4573 2643 4984 7918 3376 4166 2895 5419 7753 5879 8661 4083 4139 6622 832 5548 1048 2589 1960 6564 7394 9614 5829 2427 9588 1157 1069 2504 3331 3880 174 1120 7189 4056 1030 7605 5322 1827 7624 3973 9523 4709 2792 5475 214 4176 6975 8981 3648 1331 4178 9430 7200 5318 7329 6894 5108 3540 6348 3693 9445 4819 4705 8769 4168 3176 3778 438 853 7966 2068 6604
4424 4897 9077 598 6408 5147 3322 9399 1205 7431 2418 5294 5677 8200 8681 1492 6710 4464 9968 3862 5580 5556 6924 4097 4123 6751 4914 4594 5868 6489 5510 4925 6301 8541 3838 3056 1848 4316 1575 6151 1219 9441 3122 924 4519 618 9874 9306 2821 2072 8816 5083 178 970 9257 4200 6523 5769 2252 9176 3999 8344 184 6499 9886 6319 7886 655 9776 324 7952 9882 3720 7662 8436 5360 8748 316 3639 6767 8419 7764 1841 4918 7259 8128 7613 4761 673 5634 5220 8738 5939 5975 3185 8234 9725 221 3828 8386
6445 8018 15 7506 737 7451 4746 163 2575 7116 546 7921 4857 6485 8644 9133 5718 2578 4771 3955 9184 2761 4491 5532 3100 2292 4499 6323 6200 1372 7337 6624 5599 7735 2649 9797 1993 6797 2181 7777 1409 6850 574 9208 4352 2634 1938 158 8210 1414 4508 12 811 5954 5380 1160 5032 7736 73 5904 4007 6681 1776 9549 5958 1635 1313 6585 6183 5130 6391 3977 4300 169 365 840 8156 5365 2199 3300 305 2640 4571 5416 7218 3784 8810 5609 7800 7584 6490 2379 9525 5918 3005 5490 5854 2204 1759 1996
9697 782 4890 4776 8862 6808 5999 9114 8165 5979 1647 6421 8434 9521 678 2537 7037 4707 7110 2663 6139 469 1866 6075 1112 5988 3107 1614 9260 3088 4282 4099 8709 8134 7209 2493 3701 8365 9813 6587 1176 7075 3532 6806 8610 9670 6019 4411 5591 900 3377 3624 1932 928 3126 5097 9062 4306 5780 1482 7575 9864 9895 2488 9261 6625 1256 4626 4331 8612 8026 5551 8902 5456 2441 7126 4681 2161 989 2527 9535 3585 9636 4726 113 886 5837 7816 6634 4556 5414 3243 375 6524 9526 1721 7456 5167 7751 2273
5056 2329 8958 4831 1856 9520 8578 2311 5289 8197 8893 2479 9807 1217 5258 5254 3302 5514 8007 1437 5582 1869 4576 3816 8611 2782 8741 3620 9582 5463 5974 1504 5178 6567 6288 899 9451 1159 6526 6857 6471 4892 507 8154 7315 2126 5070 1990 6589 631 80 5216 868 2406 4655 4076 2587 3201 6045 7804 7766 6080 7174 9568 7559 9814 2424 7725 495 4381 6981 2941 3353 6046 2270 6132 2654 5592 4400 8087 2073 7718 5960 4972 1905 4686 5500 9964 6207 7160 8936 7763 4015 4196 1795 4235 3610 9878 547 1747
3537 8625 274 2331 9761 1568 3794 3032 9780 3634 1625 8726 2608 1752 7076 2077 2302 2428 3905 3754 6365 4469 7672 5033 452 306 3190 5424 8663 5617 3941 1122 9111 2229 4369 9760 3713 9623 9144 7479 2648 9765 2315 2208 2765 9018 238 3301 5860 2384 2217 5340 4719 1653 4593 1658 5099 998 6580 8381 3077 1798 9467 6453 9952 6680 7919 6443 7596 1449 635 8875 1727 8632 278 4547 3742 846 8593 9050 6221 2136 9651 2745 493 2799 7698 1416 5787 4112 870 4388 1659 9740 1465 2879 8662 2754 5598 6656
1304 1049 1986 3342 2297 8660 7754 2525 8882 3468 7081 7541 6063 8020 1913 3577 7500 7207 57 5359 4522 4735 5101 4851 7377 6939 3211 3682 6636 5910 4058 9808 4005 627 2522 8416 587 2182 6779 7350 7208 3125 51 7988 841 386 3143 3437 1140 7987 942 1679 1968 6780 8368 2773 2999 8333 8835 2666 2048 6995 4783 6271 3557 4244 2083 856 7542 2350 7844 8005 7112 599 1880 9497 6428 793 2342 5545 417 5990 4941 1600 6099 2603 4691 1152 5170 8045 227 6782 9351 9459 9318 3069 4793 9022 7946 4834
142 6308 7504 3692 908 7967 1606 9345 4745 7440 7538 6275 8918 3345 366 3473 4657 6676 1895 3861 6668 7117 7914 4091 2851 6282 4817 9453 7925 6228 9381 8842 327 8935 7534 1050 8839 7053 9272 6225 9026 1280 5736 9411 9852 2854 3317 3946 5035 4116 8124 1689 6750 8560 2730 4389 4790 3385 6174 2250 873 5692 4367 1202 2632 1051 6618 4613 8233 400 9830 6702 1686 3918 7228 5341 6447 8784 2061 3982 2392 3991 9316 4480 2573 5392 8083 8004 7380 9055 2662 7660 8236 5226 4180 5744 5951 1074 9214 1965
8760 1572 4986 5357 9025 1834 5447 5743 5841 4962 224 2172 5210 764 3868 8246 114 7424 7024 6044 2967 7850 9541 6352 9161 2290 9988 5682 2592 4809 4 839 9203 3664 3090 1988 4654 5610 5540 8733 6101 3029 139 6310 5840 8823 3432 506 1251 7928 1942 9097 5330 8174 2709 7409 622 4687 6794 3709 2314 5512 9610 7407 8905 9028 4774 883 9492 2492 1766 7406 7137 7944 7425 8555 4242 74 2695 9074 7664 8848 5218 4785 9707 8043 4361 7715 5186 2355 2038 8359 9405 7118 5616 387 6663 2786 4602 7674
7770 2954 591 7097 7815 4049 3258 3232 8601 9584 2460 8212 5375 3665 4907 2377 4348 9865 527 6755 1370 6182 6921 617 2602 7583 6363 9933 426 4807 4332 8320 2845 5574 3686 806 7610 3204 6136 8796 8994 8202 7825 3695 8457 8963 3776 9322 9923 1974 1132 1033 2340 5314 1226 8456 1198 1225 220 6516 2125 7915 457 6898 6175 5038 3272 6446 49 5227 7261 8276 5673 3744 9868 483 3836 161 7421 8924 5404 339 9419 6254 5039 7493 7784 4396 5308 7580 7531 6201 7490 9837 1058 4554 9494 4350 3869 2570
5145 235 4253 9064 2528 3464 2251 2018 2361 1654 1114 4935 3998 7382 4916 6859 3148 3725 144 820 5279 4894 8439 3193 8385 1421 6512 4596 6004 6968 3625 5234 9271 2416 3045 7932 8877 3234 9368 8861 8961 9877 406 5427 6822 5584 4778 1195 5984 3657 9396 3087 4234 1424 6292 9054 3244 5181 2010 7366 1186 2363 2520 9659 2993 7989 9068 4447 2029 7622 1399 1009 6573 3843 3830 5989 9621 6645 9834 4365 4264 7093 4588 5777 7611 3079 7344 9118 2922 443 9956 2598 3155 6520 7888 9421 6059 2189 9330 6772
7005 8322 2288 1444 3679 9606 2892 2625 4902 1533 1432 810 7616 3038 6346 6398 7422 1089 1838 5396 5002 5614 8829 8672 4045 2939 8537 8277 3066 6722 7562 610 6049 2855 2646 8708 9633 2115 128 8534 6203 3057 7242 1644 8546 7856 69 6017 6895 3187 9151 9948 7540 6245 83 6047 3587 1181 1479 8477 6240 752 7517 3175 3050 9115 4131 4223 2742 5648 5836 9587 5741 1003 6821 5281 4092 7316 3947 3018 4901 871 1384 1553 6079 3549 3340 4815 6434 5078 8135 7294 9701 7567 7834 4496 4425 3118 4957 5650
5347 4403 5844 1563 605 3697 986 8072 3746 7496 748 4717 8412 3520 9746 5433 3951 6375 604 2951 8266 990 717 6484 195 1138 3613 2620 4788 5704 1627 7448 9496 1626 2862 7681 1945 4390 477 8825 7731 1767 5487 3772 1084 6839 7455 2660 2521 4765 8493 7877 7256 1937 7535 5034 733 5399 1577 461 2877 504 6330 1179 9918 72 5183 9825 8384 5680 905 5583 9407 3920 2825 3855 7871 1547 8213 8355 6660 1481 2838 1884 1611 311 3878 1319 3990 44 6340 4671 2783 246 4030 7688 6197 2003 5046 2619
9234 5773 4747 2777 4956 1511 2445 6869 2304 9224 1605 944 7544 2415 5812 4220 3157 4900 3813 4108 7794 3072 3213 8264 7314 703 1779 8535 4555 4414 4647 5803 6979 251 7833 795 5606 4605 7620 3871 8312 5762 2069 4209 7176 2669 539 6123 2748 929 6615 3339 9728 5857 6866 8543 5449 7354 625 8523 8479 5455 2523 2841 1209 8761 9425 8501 8655 603 1655 4915 2065 3075 2927 8635 1730 9991 6234 3073 4173 185 836 4037 7474 2503 4629 9444 7549 1178 1715 4429 8149 3318 378 4612 7381 8817 3646 4636
4197 1538 1248 9997 7671 9629 2563 7572 4098 7635 9006 9873 3471 50 1828 2464 8379 9511 6881 3291 6078 6504 4018 2735 7537 6770 5697 5196 1208 2888 3494 3061 6731 1515 864 7347 9822 1245 9677 827 2913 6987 1054 865 6264 2596 5722 9153 7678 9915 1240 3913 572 8453 3510 4982 7276 5401 6206 7000 4973 690 3942 5570 8389 8414 964 1580 9254 6932 5080 7262 4150 636 9283 2196 9304 6940 9597 9092 720 6927 2778 7352 4179 8097 8315 7520 8358 8844 2477 2899 1632 4051 198 2779 2434 2339 4023 4847
5115 6889 8146 2685 9818 8251 7004 9576 3328 4649 5253 1966 7252 5890 5323 5146 21 7765 379 8502 4641 561 5914 6422 486 1499 3923 6406 3112 3837 503 9661 231 6890 9247 2683 2162 8730 4744 9767 4227 9751 8040 9685 6456 6598 2549 700 2089 38 1733 3507 309 653 3055 9724 9279 7998 1360 2658 9033 4538 1335 1923 1637 4466 8140 8751 2837 5296 5501 3795 3666 9679 8204 6028 5855 5885 6069 1403 6336 4289 222 1560 5371 9840 223 5452 1524 3849 7997 8723 6158 3013 7525 5044 348 330 8203 4672
3239 8659 4523 7127 8946 6270 9881 7526 331 4293 9656 8787 6362 8284 682 3732 9249 2210 866 888 334 6030 8713 821 1660 1709 3308 9778 100 9536 6316 1086 9758 6012 3827 167 7758 2809 4003 1500 5522 2614 147 8392 8331 127 239 5111 4880 4186 3287 7129 2796 7100 1799 7043 5652 9669 9123 867 7663 6726 3192 2234 9745 5026 2714 8237 3681 4713 4416 3000 850 670 3594 8032 4307 2064 642 855 5913 9225 9947 7701 7410 1010 5828 3711 4848 794 3028 1879 951 9816 6117 2818 4702 4775 8295 9664
8373 9793 2054 8474 7070 259 150 2188 9242 5881 6432 8538 7140 8988 7224 8080 2971 300 4302 485 7522 7041 2686 8495 966 4730 3740 1381 4417 5089 6220 5785 7470 6413 1425 6876 8517 7390 416 2179 6126 9573 5707 1815 8336 148 4650 6478 7646 4188 1814 4676 1017 2045 1165 4175 2802 6064 1705 2585 1415 8445 5806 8791 8311 40 2383 5219 695 7757 4645 6953 532 6826 3223 8830 234 5903 9046 7378 4062 6643 3324 844 9657 8375 7348 7934 1723 9095 2803 1349 6217 6999 2137 660 6938 1085 6752 1562
9222 4333 8145 1333 5695 4206 4584 571 8561 7965 9510 8799 5638 552 3589 4936 9817 5136 2187 988 5171 2807 9000 4516 81 1314 5699 5003 9347 3993 8674 8940 5720 6155 7901 8693 2682 8729 8482 5687 4712 1351 258 7245 1571 5603 7469 1405 762 6198 1804 8745 1697 8618 5538 2785 706 20 1043 3978 3937 5541 4662 4356 373 468 6112 4399 1690 1844 7309 7907 9560 3152 786 3887 2051 3312 2986 8605 5864 124 2952 8173 8308 9706 5029 1438 2560 5560 5437 6946 3980 7302 8119 1493 3770 6038 5185 4607
8771 4781 3048 825 9619 2310 2433 1025 1156 4617 6097 2990 7268 3396 8528 2197 4357 8508 3460 6892 4448 8008 1276 4682 3981 1068 1885 2806 6749 8010 1992 4014 5356 6575 4800 7935 3424 9703 5096 1943 3506 1388 6235 2438 1952 173 2819 4926 8294 9228 6344 6195 8317 9514 7529 9056 3129 1904 4945 5054 329 9414 9032 9611 8297 382 5688 3490 6072 1294 1418 7163 2326 8089 8437 8483 5788 9561 3043 2076 9311 5386 2009 4528 510 6470 9150 431 2889 9435 5767 8462 2106 8518 8345 1189 8195 2244 3400 2421
6007 9255 7724 9313 7867 4020 6665 4252 244 9490 5727 287 9595 3455 491 1574 9805 9185 8606 7679 1954 7408 398 616 7296 2506 7831 3961 8990 1013 494 7780 3988 4311 982 2386 2410 5042 4710 5782 2681 5869 413 2965 5120 9149 5700 1620 582 4430 9198 2333 3667 7589 5934 8176 1491 9169 6842 2360 9857 8725 8755 1809 4230 8934 2111 3058 6278 6001 8328 1299 4100 3128 897 190 1212 2553 7449 5809 4127 4659 5338 3265 6824 9792 3964 4663 9362 2797 141 740 2994 9890 9355 6379 4909 6605 2016 3618
390 3123 4111 5920 9106 9383 7368 6397 7260 9409 4759 3573 8494 3297 8688 7523 3606 2039 936 3781 7119 7113 7551 9083 9342 2063 9809 6707 2231 6433 4257 9087 6501 6602 7300 5144 3117 3840 514 4889 5694 9788 3785 6629 9308 6425 5374 3286 9158 1377 9530 4734 3890 8809 6595 1472 726 922 8583 8645 8055 8552 5888 2365 8906 3389 1757 1890 2374 5291 8238 6521 5121 7621 1961 7412 9048 2793 5031 76 411 4701 9638 741 430 1486 3444 4997 1724 3011 5632 3590 4500 4704 2151 1327 3200 8476 9976 1790
8279 3965 6944 3347 6353 9925 146 2012 3158 5103 7779 801 8102 2772 4371 7632 4488 1458 7089 9437 1026 2047 1957 3528 5494 7064 9634 3238 1535 3568 8069 4431 4799 7389 8162 3716 9154 8763 2652 2173 2997 766 675 7017 2093 1773 551 7884 381 7048 8441 125 3415 1791 4757 1780 6507 5076 115 3476 5770 1215 3911 8579 7147 1456 4406 2535 3985 9350 133 3488 1544 8395 4786 6216 9803 2499 4563 6073 8269 634 9415 4544 7859 961 2886 7183 5413 7175 7087 5143 6734 2482 9978 4031 6725 4222 3808 3115
9979 1137 9961 2659 2762 6972 3016 297 2942 5552 5461 4274 1330 7634 6399 7951 5250 9927 7627 5197 1641 759 1463 332 8897 6492 5776 8391 1061 368 9057 7813 9747 7810 2107 5899 5750 1406 5534 8094 1293 4265 5242 9618 1046 5155 6974 5409 4953 4665 8691 1279 8952 5615 4908 7270 5426 6153 9537 3134 8430 3083 2926 165 2875 8813 4101 5315 9044 8390 8041 2450 4402 3042 722 588 2566 761 9696 1589 7668 352 4993 7397 3860 1344 3525 7464 367 2706 991 2657 792 1673 8319 5577 2175 8511 2348 6452
325 2905 2561 4784 6572 2552 5363 5646 5134 872 3161 8803 1668 8064 2962 5473 5808 6211 4393 3591 6540 8822 7289 1392 2955 6325 2890 4998 7419 7994 9192 8673 4750 4436 6574 9442 6697 9683 7010 8616 8879 9775 3670 1077 46 4021 8051 6500 2457 3559 3110 542 1193 3900 2720 3948 8609 6994 1147 1334 437 5098 1652 2622 2103 6439 5838 9507 8721 3033 3637 639 5395 5088 2328 702 2242 4451 9551 7434 6833 7191 4103 6956 1412 240 3270 269 7445 1145 4751 6305 6420 9177 9088 2938 3304 2390 8161 1706
1609 869 8865 1136 1570 372 4658 2736 4260 6989 2621 3102 4025 5252 9502 3886 6102 1979 8183 8684 1596 3097 1296 5754 5518 8619 4853 2627 7830 2000 2148 7524 86 3933 6180 8704 6294 1494 1552 3412 1183 101 9928 6293 1498 6268 3859 911 4485 5805 5448 7599 4966 3413 6054 4445 9605 1808 2960 4185 3662 7099 890 5016 6138 9581 4872 6872 5328 6796 9861 9168 1671 355 5994 1550 9013 2380 8003 2849 9528 2822 2347 9648 1877 9985 2243 345 3371 5911 9390 3492 4262 6314 409 1853 1657 7964 8225 1045
7854 3366 8896 5202 7684 4170 2921 1825 4741 4979 8792 967 3296 5198 9317 2583 7924 538 9124 3898 3556 6300 4444 2850 4969 7257 6339 4009 2191 2814 3748 641 5880 7325 1648 7402 3994 2074 5749 4932 4317 3949 3103 965 2684 1357 1451 9598 9484 3466 6901 6631 7267 7384 1642 2992 971 1855 1796 7212 7993 8369 6543 1206 3274 7740 9065 5919 2281 6845 9815 3956 6829 4740 8113 2426 2121 7306 4433 89 5830 1203 9737 7248 434 3241 5361 5576 3314 9401 203 2732 4974 9366 3810 8983 5150 6273 1978 3698
7875 5827 3847 9256 3643 9690 3642 9652 3562 9577 6775 9273 7636 3293 4749 5493 7574 5792 424 5976 6800 1549 1397 16 9265 6233 2947 5406 2308 6647 756 5486 5711 7648 5400 9801 5658 5477 555 252 3436 9734 6900 4858 8063 7502 5244 2940 7468 4989 1401 9754 9289 3332 1288 8746 4792 5084 446 5264 6103 2376 68 7077 4319 7797 3310 5710 9835 6611 4054 3792 1103 1782 5586 7996 6533 5423 8624 32 4374 9058 6579 3704 3411 3718 4567 5122 4912 7700 8989 2586 3790 2673 590 9011 7447 4379 904 9912
1650 1036 7144 4560 5381 6992 2700 7853 652 6043 294 7992 4502 6373 6328 2013 6186 3364 6343 2389 7617 4481 1802 8424 489 3745 4157 4364 6092 3267 2721 4006 5783 3555 692 3805 6545 3108 6851 4991 8012 5344 5351 7503 8630 9821 8532 2743 8114 1934 2728 7333 7223 3049 2301 9938 6878 5536 7047 8615 6654 6419 6041 4553 2401 9303 5345 2924 7429 545 7210 8500 2166 777 5971 1247 5969 3852 4189 5601 3348 2677 3541 8316 7367 8585 4335 5133 5444 8629 560 1242 8046 3166 7215 9695 1510 9296 7420 3539
6793 7959 475 6454 5555 1944 2205 7358 3730 2293 6076 9036 4985 4286 5633 9879 1230 2109 7138 8484 4201 8719 3478 5611 4877 9688 9720 1812 8651 4285 1028 3493 3405 6106 933 6359 4475 6364 9894 8431 8980 8107 8127 3430 3851 6396 8397 8697 1849 66 818 5887 1018 8280 2178 230 9627 4068 4392 8772 9914 4164 4138 9200 4490 9477 4315 1019 9339 3723 4673 432 7910 3901 8480 9756 7690 7742 8833 4380 1777 8448 7695 3774 1578 7330 2232 3929 1266 822 4621 5502 4415 4330 1677 6161 6483 1585 4375 3484
4697 1490 5775 7133 6148 2216 2789 464 3763 4426 9433 2490 6166 4398 5241 3747 1867 3446 6766 9498 2373 8438 570 7638 2053 2936 2285 8973 383 2548 9673 819 9749 3008 4711 5445 2403 7609 3952 6756 9218 8115 7321 2237 8075 1487 9312 1750 2703 9449 5497 6302 7142 4758 9975 8139 7255 7016 4079 6377 3054 9481 5671 9408 2356 8451 6990 5439 596 9926 2705 9328 4363 817 3133 8853 1731 9230 1929 4627 1735 3147 8633 8966 9239 773 7677 428 3798 7481 4620 5014 229 9357 8962 8753 2791 29 2594 5686
237 8158 8968 9416 303 1860 6559 4453 816 4832 6711 7045 1008 6644 6366 5305 8907 3089 5057 8153 4796 8053 6358 5802 3524 3071 3769 471 9643 480 1817 4869 117 5516 2885 8640 1517 6950 4435 5012 7022 7157 7454 7446 4318 3773 8519 7170 8110 109 8015 7585 2146 2516 2907 9075 6682 9488 3602 9811 5332 9592 4382 9791 5169 2343 4422 9241 2081 8702 6853 5730 7405 179 2057 3141 9100 8232 5459 5362 9125 302 6970 8965 9963 3012 7203 5852 2079 3511 9259 6813 8050 7292 3691 7054 4855 6034 5553 6056
7342 1478 1260 478 2538 4873 385 4884 9711 2588 4130 6241 7478 2206 9243 8164 9738 3652 6735 2387 9041 5883 7387 2486 2327 8948 6023 177 3821 7897 7102 1229 337 9264 1284 58 1246 2664 2409 644 8978 1726 5656 6400 4739 2397 4551 4684 9080 2853 87 363 8996 4987 1736 2123 1693 2263 4218 8551 1858 2749 9432 6599 1034 7673 350 9699 1763 7246 9655 5317 3491 5668 2593 8737 6393 6033 215 45 6417 9320 8101 6345 6958 1669 7295 5659 7555 4841 2710 3358 7374 2981 7790 1400 6105 2574 2154 2699
9410 8184 8513 9076 9294 9653 4181 9578 1083 1514 5956 1969 2225 8598 9547 8349 7145 5467 1925 9630 433 701 7527 6639 6659 217 4723 6015 1865 8743 9319 3512 2102 9955 8248 2334 2639 2988 4225 1610 1374 208 6675 3782 427 1495 5495 9244 6597 5166 55 4768 4564 4326 9579 3456 4312 9468 3645 7346 7291 9741 9326 8849 4664 8348 2214 170 1830 1962 1936 7941 1154 8342 2011 6897 5948 4828 5691 7588 4467 2613 418 8471 6189 8600 534 5526 7977 685 2031 945 2357 6830 1436 4699 7165 3149 8206 7027
8132 6361 648 8324 6287 7963 3418 8749 1446 1024 8939 2439 5312 7039 7463 4638 6179 3783 4059 688 1527 9352 4013 6908 5558 290 3945 7727 4461 4296 6163 3181 6212 7286 4327 8695 6511 3214 8060 7820 2236 447 7105 4898 3974 8568 3724 7954 5407 7482 2543 4524 9310 7911 6491 4294 800 4385 5981 6416 7361 7011 1218 7082 7568 6013 7227 2816 2945 4725 7095 3153 9567 8732 3712 7822 5664 9398 4325 3757 6954 6008 9624 2067 6124 6120 5947 9516 1722 4601 1901 7353 1681 4050 162 7598 1155 8824 6904 9569
9299 4474 4263 3660 4922 7254 3997 8250 2858 9487 7206 8194 943 5739 8498 581 2599 7761 6459 9983 7056 6916 6304 4159 7776 3935 7122 3246 2198 8785 6360 1007 8155 48 4899 1599 3281 6536 4337 5701 1837 5759 5175 7386 7365 8656 2998 5537 5114 9763 5772 6518 6655 2364 5320 4156 4808 7251 4929 1503 8241 1710 134 9839 3440 7917 8854 394 6560 6327 5162 2919 8168 2294 5756 5117 7913 9854 2562 5290 2157 3766 9499 1435 6018 4955 9798 9909 1368 3334 8352 6863 6552 2262 7471 1282 6231 5519 3761 4767
3570 8440 3462 2887 8832 3752 2558 8432 1420 2641 9931 6129 8768 809 9721 8025 6606 9529 7732 5282 8871 3760 575 9282 3031 2860 2768 5657 1618 4816 2811 5858 328 3081 6177 8226 2035 4477 3820 4802 6219 4552 1235 8932 7263 6786 8544 9608 1104 3387 299 7014 9094 647 4163 84 1953 7518 3552 9104 7828 3027 808 8330 1633 7219 4921 8669 6799 5288 7985 747 8643 6173 2517 4736 2303 1000 9146 36 6612 5060 1238 2893 7667 8604 3397 723 8304 1496 4844 2567 2674 8104 7486 5740 7666 7235 2555 1909
3596 3480 5950 3883 5721 462 2170 8163 2169 2946 7976 1353 6410 6871 7363 6679 5451 9284 3803 2781 5521 2795 3623 1522 4134 6164 5293 7319 8520 4205 1847 8699 4334 7058 3908 8838 771 7111 9880 9246 3939 6841 3268 2085 6517 3551 6169 2378 7608 8807 9517 3957 3621 8136 1457 2975 8638 4849 8846 5217 600 4679 8998 6005 8292 7823 9603 9384 5531 6915 3336 8077 2582 9472 2970 6844 939 6354 4651 2468 3140 2653 4066 3299 8547 6261 7803 7201 9709 1442 9455 1105 2719 8911 6239 1548 8383 7148 7768 6506
5967 7845 4531 8666 8976 1091 5438 1064 997 5269 6289 4136 6795 7323 586 3004 2512 9913 6480 9663 9327 9524 1744 6961 2844 9645 7619 9704 3576 4368 2689 6528 8586 3881 6856 3420 5977 4826 5791 1845 3373 6351 5985 9539 2043 99 7639 9024 5820 6318 518 6817 2546 5333 4633 5018 5373 4911 3381 5916 8649 2133 4867 6739 7169 9998 4162 8220 8274 499 7532 4493 9253 8567 2141 7213 2590 7848 9375 9635 3501 657 4743 3370 5585 160 8937 1295 2180 1893 8086 3633 5100 2322 4600 6933 3806 7226 8524 2042
5468 5235 4324 407 3429 2071 2467 9443 8321 9708 9987 9431 276 1318 2727 8764 9826 5649 9542 5128 8249 3879 3457 7439 2688 1675 9566 5472 742 5717 837 1862 8654 1699 5180 2312 9329 4328 9548 5020 6068 9959 8676 2920 3902 2628 7193 3421 7385 9833 8898 7279 4132 6925 9810 9513 8487 4279 1391 8866 8071 8503 1172 1070 2881 5215 5962 8455 2670 5724 442 3447 4420 1094 3361 6701 3800 285 1729 5926 1184 1601 9637 7899 2153 7720 7547 5892 3368 8949 1233 7953 920 8637 1278 4120 7341 7178 2848 3403
3425 9571 8301 4207 9335 1214 5116 7978 6914 9102 4525 8399 2143 6837 4194 1789 7786 9139 913 8827 2911 6544 4119 769 2729 6743 5478 4036 9195 1882 9482 2776 2296 9924 5832 9353 5768 580 3626 9295 7168 6109 7258 1643 2254 3319 3758 1350 1590 5460 4135 455 9545 2910 2437 8955 6538 7661 8009 3273 4513 8382 1027 2264 7311 135 103 8027 8152 4088 524 3722 7310 5208 7651 6977 8995 5504 9107 7982 9838 8157 3928 9719 4777 1713 1753 3508 6864 4204 2396 601 5229 6553 8467 4996 5992 3422 6976 8931
9486 9794 2917 1347 1413 9710 4592 4250 7462 9585 3710 6128 1661 2771 8371 4198 1928 1497 6460 9866 1754 5626 4089 9364 5176 1691 8554 7894 6936 1038 1851 9897 774 9377 804 1398 4642 3275 8608 2128 4397 6692 5265 6700 6537 7475 9181 2987 6279 5623 4063 3330 7772 2140 280 3434 4077 1191 4756 8323 6084 3313 9378 7521 8442 7360 8218 7749 5488 2152 8181 7369 4952 1781 1649 4882 5562 1378 3170 3327 6003 681 5004 3236 3352 1485 5091 2510 6922 6909 3983 3841 5037 7826 9908 4668 3735 4053 347 6172
4080 7031 1366 403 815 225 8975 2897 281 8326 5050 9593 2898 6407 9715 3375 2692 8599 1389 9043 6498 5822 7685 5509 2496 5010 5708 7035 3266 9858 5201 1095 2186 2495 2447 8464 1365 8530 3866 7109 3195 1587 3592 8122 6983 1422 2399 3535 1820 4947 640 5996 1035 5987 5280 6693 6723 9152 7185 7628 7683 5515 1502 9082 3659 2295 7863 6568 4460 4990 3599 8514 5594 6613 6266 2484 95 1800 3162 4950 260 9388 4727 2005 8405 2915 3963 2129 7906 5358 9209 8850 8016 2248 882 3367 1811 1564 5853 8858
6281 4026 2984 172 3341 5450 2476 3177 4520 5471 9175 5299 1188 4487 1739 1011 2873 5161 3321 731 7364 1066 645 8550 2766 8668 5432 136 7943 4489 3095 4152 6860 3588 544 8679 8463 8744 5499 1303 6627 8840 2026 4521 5238 7980 7313 7564 643 7981 3227 4515 4228 1187 9970 5092 9103 9373 2867 3699 4421 927 7558 562 7594 5893 3359 6948 9233 2616 2393 1911 5816 6814 1775 4694 3731 707 189 9491 9360 1369 9098 6335 981 5917 1311 5932 7266 1788 3116 8229 8078 9447 4624 3705 4004 5849 1196 5492
669 8340 7898 9949 6083 9671 176 5900 3504 4924 5745 243 4878 7851 313 1530 166 1021 735 1340 8478 1151 2507 5431 4961 3025 6229 4854 7150 8081 3007 4976 7103 9990 2070 54 1480 2618 3070 1987 918 3743 9206 5081 2973 5843 9589 6854 9063 4619 5118 5393 1755 5349 9787 196 26 1273 6952 2257 3409 6277 3651 5906 7098 633 7370 6070 1702 3707 6917 5600 157 9977 3315 9387 3653 1108 3891 216 5048 4965 9091 9784 8999 6673 8657 4353 7565 3517 2474 6997 8261 8198 6847 2737 6196 5882 4465 304
8400 6093 3962 4504 9110 5073 1044 842 1749 3892 264 6935 7936 8783 6815 3824 9336 9802 2459 6227 7379 1059 8313 6503 5412 3350 8804 1363 6094 2158 4503 3329 3208 621 2645 5177 3392 5765 9422 5172 9796 1876 6705 7696 8863 1970 2184 569 9565 3689 7669 8160 6431 52 137 3617 6998 7947 9212 5491 3654 5573 8038 9323 5093 662 3515 4581 2032 6688 6066 814 7530 6825 2976 930 6913 261 8000 8036 3739 2556 1935 6497 7999 8406 5496 8428 4106 7533 2112 4161 1889 6037 3365 1891 6374 3001 4347 2044
1106 5005 5000 8505 4034 4046 8401 1664 7577 3514 1594 8360 8141 8869 2391 2744 6640 5420 9607 353 8779 9847 1382 4680 5811 5157 4625 6297 5278 2019 8874 1602 7793 3759 8930 8614 5982 4497 3451 3146 3516 3369 1177 9726 7052 513 6031 1306 482 6601 3967 5469 6252 2872 3927 4591 4557 5011 3542 7177 4183 3984 9213 4229 8800 578 4923 1082 699 4231 9060 1696 5355 980 1526 6356 1822 664 1687 5466 6532 4336 7375 7172 8257 8569 8334 2358 5453 9471 7416 7121 1999 85 6451 7205 4320 4345 7290 456
6146 6831 1824 9344 2375 2756 1169 2715 4281 4975 6388 718 6943 5251 4401 6246 5520 515 2278 3023 968 323 2485 1680 7591 6370 4313 9237 2194 2740 6463 4247 1639 2291 7821 5850 4720 9171 3822 9771 7726 8377 1955 6873 7629 6947 92 2826 2524 219 4789 9546 4574 7080 9591 1539 3674 4081 7036 6258 1133 3167 4886 9183 9281 1864 2612 7108 9932 9540 22 4035 3582 7283 2059 7 3919 6002 3074 4548 257 3388 7106 531 711 3563 6053 6666 2298 9640 519 9078 2918 8062 4738 2456 4562 5245 776 8943
4248 597 6057 1924 725 6753 5137 1250 3500 8116 1833 1194 295 6209 1579 2514 8788 1020 5607 6168 4291 7912 6349 2117 6291 4891 371 511 3427 3875 9099 8095 2006 2249 9799 7717 7277 6738 5799 5327 1967 7675 8196 8692 3085 3656 6267 497 415 9504 8305 6176 8575 3931 2238 3554 7539 3307 7173 9473 35 6563 8664 9003 4043 3487 6082 2345 563 7755 1861 444 7021 6286 2087 6730 338 9962 1976 4047 2995 8707 2697 8129 6321 859 2623 4341 6759 1470 6578 5062 1947 4110 8222 2923 1355 5019 686 5189
6653 4585 9130 3179 7158 9069 9903 8776 2318 5931 9625 6588 2122 8780 3295 3477 9382 9515 567 3379 6333 110 5778 8259 5873 7141 5398 1701 8429 4868 2925 1237 5295 1531 744 4028 3151 5301 4309 8782 4937 1704 3762 8190 1221 3721 472 8466 9836 3059 6840 5465 2584 2227 8489 5300 8815 6403 3796 7641 7322 5085 5839 2483 2080 7265 6091 3078 6127 7287 5246 3383 181 250 56 5712 954 1339 4944 1199 3127 584 4859 7264 2420 2372 5008 2461 7806 684 2536 6113 4443 9862 4216 2241 7435 291 6437 7745
3249 7712 4722 3215 6910 5009 104 6664 346 9543 1892 907 8347 9937 7042 4732 651 2734 9974 7241 6691 3041 8443 9475 8166 5507 9527 4599 6687 2090 2718 6021 1402 1324 2014 6338 5480 7543 1185 5696 317 6402 1918 392 2453 6104 1474 7326 885 7299 6025 6320 5661 2595 2515 5629 7428 7334 5894 9717 2835 2132 3030 3611 694 7783 697 8030 1840 5479 1688 241 9575 8433 8938 1190 1509 9632 1171 4811 8070 540 9047 3799 1131 7061 8790 6884 1289 6423 7057 9848 1981 4568 3896 6154 1213 3678 7571 8199
6213 5390 1290 1703 750 6355 2470 9268 5366 8188 6074 5698 4167 9718 6867 3615 2836 3052 3355 7345 5968 6620 5922 7682 612 9155 4905 8953 7233 2717 2473 4017 4437 2597 2411 1041 7134 4611 712 5205 1793 6010 2164 6133 851 6326 8802 4537 4473 609 3726 3292 3036 4514 4648 6342 2336 4814 901 7026 326 7418 3812 7003 1317 812 8228 3817 6558 9762 3124 3046 1670 6882 9820 7789 2049 7232 6732 3641 8945 8065 5685 9298 451 8022 6562 9361 2444 7066 7655 5876 5795 613 6262 7623 3247 1714 957 5690
7708 5801 9846 7060 4690 3975 3765 3536 3499 8922 7197 188 797 2240 1143 3910 3254 7269 1302 6208 9563 3700 4423 3680 6111 4372 3793 3600 5944 3873 2868 7293 4269 9759 5995 2200 5021 9132 2957 7131 9096 8394 9023 5546 1546 775 3156 481 6669 5735 5672 3199 2489 3903 5924 19 7343 3616 4715 2256 5747 7670 6923 254 8459 2698 122 6912 4821 5539 2066 9969 4155 2980 6632 505 4791 8263 2541 5706 1056 3482 1902 2551 7840 2402 1971 1958 910 3159 3135 4456 2455 6789 2446 8572 1277 8542 1887 4450
1320 7922 4635 1243 5387 5256 9440 4033 5276 923 3572 8239 3380 3627 9902 31 5746 5859 7752 619 4085 9021 164 9503 9615 2943 4511 4970 6810 3780 2647 7974 4928 4048 9917 6051 6303 1764 3475 182 9885 232 8491 6071 5364 8090 9291 4052 39 6125 9957 5263 4133 7135 9434 2284 8017 3632 3959 8714 1672 3789 1244 4549 9564 7457 4128 8626 8867 6086 1863 4011 8426 197 268 5513 8711 4546 7484 7707 3702 952 6565 7716 450 6849 4029 4498 1180 6802 4536 1737 8831 9386 8700 154 5106 199 8267 7905
9380 6887 3560 9121 9723 1211 9966 8814 2332 1342 4683 1301 6149 7132 192 4752 2564 4160 704 9742 9782 2177 5065 2330 2949 4754 8403 6781 6534 1678 3819 1591 8011 6758 292 2733 6858 7128 6194 7984 3687 1359 6317 4634 7829 454 2138 6709 2983 1740 7870 8648 9039 6541 7280 2272 4261 3581 2280 4667 9301 4518 6368 1870 2989 7282 2724 374 1440 335 1329 5566 7895 8868 4688 8977 1785 1745 3357 1586 8837 7497 2371 6658 7399 8282 7625 4934 5160 8773 2487 595 1298 1926 5129 2095 2367 8298 2226 2419
4580 8870 4232 1557 7091 5781 4298 4943 4798 9343 7417 3809 8289 255 53 9190 8485 4526 8001 1016 1708 4060 9774 282 8642 8082 9944 4210 1001 3915 1906 8985 8680 3649 8314 3003 4545 1806 6879 1694 5230 1513 3006 5524 1738 7507 7143 8665 8872 1396 916 5886 4343 2611 5127 6803 6699 7958 9235 9262 5907 8169 6022 6170 8034 64 6306 7805 6818 1915 3276 6561 3010 6571 2156 9236 6978 6210 7398 680 5643 9694 6142 6191 2366 549 2183 5796 7705 3802 1119 1326 425 833 2056 7392 1081 4653 4507 5647
8821 5075 8685 1459 6988 2440 6695 8230 3408 3279 8756 7426 3533 2770 9315 6652 8185 9187 2002 1005 9001 377 153 1052 6311 975 5015 8916 6832 119 8793 342 4946 180 2222 5036 9596 9849 9066 1603 5760 8346 3098 6788 8475 7658 4439 2494 9853 9590 3271 8820 7030 1566 3163 4603 9687 7155 5755 1598 5814 4346 8716 8565 4881 5702 7590 835 6591 1173 6547 3904 1912 1292 7498 8903 5870 1973 9495 2098 3864 8634 4532 4561 9205 654 4288 6265 322 5761 8890 9790 5602 5376 476 8894 2972 6819 565 3906
6253 4238 4084 6865 487 7799 1475 7483 6274 1484 4860 6535 3595 479 9354 2678 3470 9231 11 2800 5482 436 191 2286 7743 7065 2884 7505 2475 5119 529 3443 8435 8789 7450 2961 962 8306 6380 5231 4409 8014 852 4468 8125 3870 5991 7798 8224 2202 1057 607 6642 917 7188 1908 1281 9108 65 7750 7857 7710 9727 1801 751 9167 4012 4394 1192 6875 8205 2856 298 1129 7371 9286 5275 2852 3173 490 559 3733 5624 3229 2007 978 4259 3972 877 1489 4440 6479 4226 3895 3593 5110 7278 7737 370 1608
2207 8450 758 4565 1047 5533 4597 2352 5965 9960 8420 838 3111 2127 6712 568 5620 2422 6159 3205 8221 5336 3169 7687 7104 3259 9733 8057 6299 1507 4484 3936 5953 6962 4797 9712 6307 8366 949 5734 1348 7887 8812 8878 9089 4685 2471 5435 8211 7864 4087 1149 2964 9223 2041 4143 3002 5641 6765 384 4577 186 3284 2219 6495 1592 5430 4151 7308 5713 5676 4805 2233 3527 6888 9544 5980 3526 6144 4305 2271 8472 1204 7818 9602 6259 1930 9812 9641 9855 7511 3233 5851 9302 9743 6418 9081 1512 1907 1130
3218 1216 6670 5549 2192 7476 1624 256 749 5067 1386 9460 2763 4492 7650 2834 2544 8325 3614 8447 1200 6861 4999 6130 9519 62 7787 1917 2425 8408 2820 449 4032 7001 7324 8736 6441 4652 9553 1029 343 3753 7652 2119 5567 8900 6502 1134 7827 7012 3502 5568 2753 4843 9363 5239 3811 308 8587 1656 3225 7702 1803 4835 9626 7159 67 6969 7485 9305 248 3834 6435 1501 1523 8019 7107 9084 9951 8927 1616 8458 9412 8715 1483 2139 1430 6312 7792 8209 8781 6515 2580 8873 1434 8142 5959 1900 4589 9479
7817 4236 6255 9174 6686 333 3932 7067 7808 7002 2842 2015 4661 5163 3136 5306 7860 1 8591 6466 4509 2650 5674 3288 6135 874 6514 3154 7025 2150 8912 4614 6185 4801 3909 9631 3708 8778 2557 7597 6704 6315 2870 993 1455 1410 6131 3736 8670 97 4885 8677 7211 2665 3372 3727 6967 4608 1461 7975 3092 2145 6678 7893 5040 2751 3138 5595 4917 6764 2864 3958 7630 2050 1994 3561 6886 3076 7239 1264 6440 992 6646 3842 4762 4256 4104 3390 8425 6204 2100 8646 7164 8671 4572 6145 9967 8024 3206 1519
6089 1393 4731 1857 4458 3222 3067 7697 8444 4354 6464 465 4583 9522 6256 5815 6160 2977 8987 5132 5321 112 4075 7274 9126 3543 1139 9438 3751 3253 10 7961 7494 1441 7642 9034 9141 3677 3565 7931 9907 3622 8559 8253 716 3550 5928 8446 9946 9219 502 6140 3607 2037 5142 7101 1099 7713 5182 284 9559 9385 8876 9240 679 1685 7550 8636 5285 845 9374 9795 2958 6121 397 979 8085 8208 4595 807 7167 7006 3289 9904 3203 754 5268 8682 5936 5232 3874 8192 5729 8914 5025 3631 3252 1170 2991 6926
3335 6720 512 5063 1239 1631 734 9359 8288 9197 6590 9823 3474 4852 5274 4505 1032 5125 8992 4383 1390 2306 4716 3856 7038 1092 8710 5681 4376 6411 6792 7492 7018 9580 9476 2432 7423 3250 7491 1581 1920 8307 7013 8215 9202 2120 3497 1871 1956 8271 8172 8909 9324 4864 7930 7811 7130 9277 3764 1985 1576 7762 8028 5813 1305 803 9832 7795 2436 393 921 5066 1883 7801 799 5425 4413 3184 473 1231 6896 2824 896 8595 7865 138 9552 6694 2255 4212 5589 861 8254 2398 9101 8460 2569 1096 4024 2307
34 9119 7153 8747 7301 369 745 6405 7938 5793 9217 2400 3734 2723 3833 1174 5284 6468 8362 3251 3044 9019 857 1071 1665 663 405 1022 3876 4412 466 6855 8486 9642 6081 8207 7566 8013 533 6804 8470 9485 6674 7320 4217 620 2417 7839 6920 2571 3694 7452 4978 2246 4825 2405 6014 860 6555 340 3452 3768 5334 9093 2253 2693 2833 6039 4539 4510 420 5896 9464 9972 9238 3458 9474 6771 2142 1042 2738 9973 6087 5751 6727 3216 9042 4349 4240 1742 1975 6949 2746 1561 6581 6269 8270 3021 7146 6238
9307 1343 7162 8997 858 123 1356 3277 7746 1762 4366 3696 649 3815 6193 4280 5154 5476 973 5597 615 5949 8919 1534 5678 1629 3182 5072 9766 8920 6746 3221 6247 3944 7085 3771 2559 843 4094 360 4845 3531 8187 5429 2985 4656 9819 4117 7563 5784 7088 6736 8574 3872 8409 3826 4251 8393 1558 880 3320 9936 9650 3481 3256 2900 4449 5862 2092 4829 7869 8806 2274 5605 8240 9372 9691 7593 4463 4983 4118 1881 8795 3848 9413 2451 7719 9163 8068 4362 206 1835 1080 5543 3119 5311 4065 661 6482 8712
2275 9221 3063 1073 802 7229 423 2319 7637 5052 5973 7508 9004 194 1720 5670 4125 1758 7900 1842 2784 1161 8339 9016 8675 5068 6823 3899 1537 3938 875 2533 1322 9226 5041 2218 6965 996 4569 4888 129 3767 1361 5663 4486 156 3544 823 6671 8118 8243 624 6341 1768 3145 8607 9002 6827 4308 4692 5022 63 362 5748 7467 5716 2174 1090 8913 5107 7782 7836 7885 7086 9884 5112 159 2472 6985 8594 2160 3064 1875 2758 7733 1613 8639 6583 3518 2916 2124 693 5214 1241 9079 4122 7582 6641 226 6475
8964 7908 1819 3109 7769 349 5581 1698 6905 3603 3917 5529 9828 6728 3084 7892 7512 8309 7443 8698 8521 8917 8481 7767 7059 7923 4057 7970 8818 3228 9672 5261 4071 4301 1201 1337 4290 592 5236 5422 6619 1667 3513 5187 2313 3096 1769 236 3168 8740 267 3093 3435 9227 402 7180 3547 33 6376 5915 3165 8130 5665 9293 6929 2452 8150 4182 5889 5224 1453 4933 3240 6877 8884 5243 7513 7891 5259 7843 6760 1207 8252 5123 1805 4190 6715 3402 9189 7689 3260 6741 7152 5403 4628 6980 4806 9454 1983 8828
1371 9950 7881 7862 6095 253 2671 5786 3578 265 2609 5819 8777 453 7338 2408 2680 8291 9668 9906 8960 2679 3968 2635 6593 932 9786 1645 7699 5831 1588 9029 6438 1385 3417 709 6809 535 1375 3509 9729 5462 5823 9051 3714 796 3333 7748 8275 2810 2305 730 579 1597 4213 7114 8540 6224 6371 6214 8696 1792 9248 5817 6729 8105 9263 2299 5 2267 7216 4245 4202 9982 4927 4355 6122 9331 5742 7217 5608 2750 1770 950 5109 5007 6762 2480 8947 2193 508 463 1989 1135 3449 5884 995 7949 7222 9898
7182 9138 4154 7271 1888 9297 938 8285 8628 5821 2903 6623 1394 2572 4214 6774 321 763 23 5527 9371 7008 1476 728 2149 7151 848 4870 7273 4773 1516 1707 2931 380 5257 5213 5023 429 2338 5168 6313 7473 1771 5550 5316 1364 7615 9713 6852 175 2607 2928 7404 7983 6061 8728 9992 7192 4677 3953 7514 9996 9531 8631 9275 9348 8488 623 9922 5797 7649 6805 891 9850 5693 6576 9116 2606 9014 448 1407 6931 1712 4072 8123 698 2413 2534 2725 8522 5389 6717 925 2134 6218 3060 7556 909 5715 4342
5752 5826 4142 2739 4055 1897 7654 937 2505 9953 6763 516 5418 5651 5542 354 5621 7186 2442 4772 2501 3198 5684 2008 1607 47 8268 9427 5508 9113 630 3786 849 2346 7244 5221 1810 6721 3362 8171 5464 3014 7069 6791 4044 7120 6276 5662 5557 6141 7432 903 2830 1692 1210 8694 2629 5194 8262 1423 8718 6165 3995 5405 341 5428 7657 8286 8786 6192 9367 5505 6476 6930 2832 1628 1445 7171 9872 9207 6052 7028 5945 5955 3530 6272 71 1460 314 3278 2349 7812 8689 5385 7570 3105 6525 7499 7413 8856
7686 5028 1559 5135 9007 2901 7960 5978 1508 8627 4994 1528 9285 9916 4871 3673 2581 6020 8159 791 4432 2282 1728 6744 8417 8256 5895 3922 8245 6162 7691 2866 1477 2209 8573 28 976 2052 7618 3832 5207 8126 7990 4960 9049 4027 1859 2605 3121 3658 2708 4755 895 6713 3612 2091 7046 738 213 3791 4963 6546 4779 2891 37 5339 8613 8834 4669 7714 6768 4770 4670 2568 8290 7956 6284 7356 3788 126 8576 1040 6090 2430 8826 7861 1088 3523 8117 1125 9550 2963 5970 8819 1565 3053 9875 9921 902 6951
3831 4863 6838 7852 8529 6510 1395 8667 4812 3454 6171 4224 6596 3360 919 4675 3068 9131 7612 7510 2865 9682 5199 2221 1473 632 6880 3305 5443 7083 2368 5192 577 4728 289 171 3401 9180 8402 1259 4875 2131 6812 5824 9829 3080 212 1072 8272 4241 4067 5489 3672 5283 6108 4733 7415 3738 7243 6566 1448 7019 4971 6584 8427 7933 9773 5271 8423 940 4427 4243 4384 6230 9770 3671 388 3644 3925 3020 60 3399 4543 1222 7926 8170 3950 9943 1234 9768 6773 1338 1622 6996 1227 6883 9604 2631 4763 2412
2113 589 9127 6907 7774 266 2935 765 6472 2212 262 3867 193 8857 7873 3255 1816 9061 5779 4339 5845 2147 1980 6662 5309 1886 4643 6116 8318 5436 8098 3598 6616 7442 5247 6592 5963 7487 8084 3719 4887 2359 2040 8928 606 1164 6683 2020 8553 1868 1376 4310 9314 2429 1411 8079 676 5825 201 9824 770 8891 4938 5058 7220 9505 8859 3230 1725 5559 7904 9698 5908 658 4359 6251 2930 4165 1287 1362 5737 5848 1252 8957 2752 8048 9647 4174 3801 9148 9031 7824 4846 4920 2545 8564 2265 4144 9594 9178
3113 5561 4850 7466 8421 9325 3893 2449 3647 4323 6280 2084 9600 1874 8623 5669 9777 4010 6415 8545 2220 361 8293 9456 1695 7902 2780 4903 9984 3114 3877 4273 3017 5440 9900 5411 7401 9843 204 1323 2024 4391 312 4177 3051 410 926 6790 2974 5800 7357 3558 9258 2099 9215 9752 9037 1167 7414 6390 7878 6386 5619 5964 528 9462 628 4904 6557 3835 683 488 6600 25 5902 4191 5757 9954 946 4482 7872 1832 566 8984 5579 6107 4967 7062 6911 6820 6481 7411 9612 8350 2458 3378 5758 6385 2135 2491
3706 736 2321 6006 5346 168 7879 3207 746 4408 8926 2185 2266 5061 4940 3226 9532 7909 4822 593 404 3485 1452 2215 9085 6835 9844 3737 2431 7029 3178 4114 7703 1383 9346 1270 106 2950 4695 6870 1797 3354 77 9901 98 5069 8951 1182 5733 5636 6152 2812 9736 5367 5053 5891 6747 9483 2840 4442 753 6651 5273 6906 2880 2395 8742 4158 6513 1141 674 6334 2827 9658 1916 1619 6984 8970 5863 2245 5628 7842 3386 3777 1543 8066 3248 233 4833 1582 6918 4304 8343 4249 7458 8 6249 2817 202 10000
2075 2407 8283 3082 2001 6474 4575 2687 9338 3280 3219 6137 7465 1638 7785 1367 3966 834 3209 7373 5738 2633 1774 1255 9458 5517 6696 6394 2155 1346 7051 293 713 8214 6248 1765 4344 790 788 2711 548 4615 7569 3628 3479 7249 9681 6283 9199 3137 5563 1872 650 6378 1037 2883 5165 5384 1315 5972 8571 59 8415 8557 7728 9757 7055 1258 1894 7775 1786 4438 1682 3344 5564 3374 3024 9622 4121 7317 1236 4019 7125 1850 3650 4495 7044 2788 6118 376 7388 8143 8411 6350 9939 7234 947 2300 1268 7285
4078 550 8327 7578 8138 5001 9911 862 9480 8468 8093 948 2201 247 183 8054 3022 6724 8035 1794 2176 275 8724 5587 9280 2878 520 3463 9827 8378 5943 9370 1263 5369 5912 8137 4093 5325 7802 7202 8112 9649 8885 7773 629 4471 7972 4579 8653 5905 9452 7161 209 8404 7971 9644 3688 1541 6324 3503 3668 5292 4140 3309 8899 3850 8242 3442 2579 8531 9090 1536 6331 7647 8805 1807 8581 9267 3749 941 4737 1683 5986 2317 2478 3992 4192 7198 8099 3604 7979 7247 5233 4271 8258 7136 4883 1223 7460 1468
4794 5929 7986 4292 1829 5774 8235 8991 8539 8883 8410 583 1843 757 3916 3326 6964 1168 772 7253 5064 2104 7275 8847 3101 6539 3037 3865 1102 1224 1269 5255 8527 8775 4958 558 4780 2675 594 2630 7009 5027 2362 6114 78 6649 1274 9675 5188 4559 7181 2804 9783 6542 1439 8496 2869 9341 7791 2033 6232 6628 779 1719 755 2094 6381 3269 245 5079 2912 2731 6412 4930 5105 8193 879 9958 5483 2547 9457 573 496 5653 5353 3160 5590 2904 2325 1404 1310 1262 4874 4804 2108 6973 9191 7606 4906 501
9120 6899 6661 9557 5190 2518 7284 9666 2846 4275 8029 5204 5307 8338 7807 8596 7536 8929 1428 6296 3619 7359 286 3197 4842 2966 5277 5045 2876 3829 4470 9617 8801 1004 4479 24 1308 6919 4542 1623 4266 960 8880 8418 9245 3605 7221 2531 4462 2704 1921 242 784 3217 9070 6934 6088 1583 6369 3298 3433 2004 9613 102 1111 2831 2550 9692 1166 1505 6042 2757 4096 2694 9785 5302 8049 4533 7328 659 894 3553 8506 8499 2144 3343 2195 1379 4598 3755 8367 9122 987 6119 7094 2644 1150 8332 2929 8178
3120 5660 8762 2577 5249 6942 7495 1545 6263 5940 5458 9397 2498 1373 8901 6250 7644 4646 9337 6834 7477 2101 9934 6690 7436 9876 6945 6609 2637 3188 391 5867 6672 8216 4405 517 1447 5113 6848 5627 1896 3235 2502 9533 3338 7969 6050 805 9800 8652 6963 4640 7835 1417 2394 6885 878 829 5544 6383 6648 7927 7331 1551 7788 27 4861 6029 984 4862 2276 4203 8808 7194 5572 8687 9863 8621 831 310 537 9179 7942 3703 4689 4042 5861 6465 9646 1307 7393 696 359 7796 249 7694 1846 4000 7400 3186
3976 521 4082 8273 9135 667 3242 5639 7916 7332 1431 6991 2624 4623 8734 3220 9439 3448 8296 151 8895 9030 6477 211 5523 5640 6706 207 277 4377 2823 4827 7063 9448 2509 7929 6778 4631 7072 705 13 5152 9586 2978 4992 1265 2701 3498 1117 7545 8244 668 6550 8363 5631 8686 7876 7995 7488 4820 2023 43 9040 7509 8354 9193 1002 408 4632 7395 9789 91 9971 4378 440 2932 934 1676 6816 7781 6971 972 5153 6244 187 3943 263 781 4865 2382 3496 4370 9229 7438 4823 3750 1518 1748 9841 364
7581 8570 2774 6748 498 6058 7546 6509 6424 4964 2341 9204 7335 1718 61 4277 9266 7238 9418 6937 9334 6040 826 2716 2088 4766 523 5766 8752 5077 7515 9417 914 5343 8888 5874 554 9274 6754 912 9009 884 4529 307 958 3571 7552 8986 4360 7187 6332 111 7355 3580 8589 1826 4454 7214 4276 8056 5270 5222 5441 4268 4703 7195 7653 1272 336 3882 9660 130 999 283 2279 6429 2667 8361 2882 88 6903 4255 5310 9128 2775 2937 2017 4604 1075 200 915 5810 6226 8925 8189 1951 96 1666 9463 6493
6577 2979 8933 8910 677 3019 5909 7123 5397 6222 9748 2335 847 7945 6836 985 4208 6329 271 4001 9157 2813 7626 3663 4407 6531 1852 2798 8705 9493 983 6000 6309 5391 7968 1756 9616 6395 1716 6035 2759 7903 2755 3325 3894 4919 4040 7115 2565 5714 2672 79 4708 5525 4753 8811 6966 9489 1604 7940 9232 9145 4419 9842 8452 2027 893 3741 1919 2690 6409 8765 6742 3584 5024 854 5326 2713 2500 9871 7676 5304 5457 787 6065 876 3715 484 5141 7692 2481 116 2638 2309 4644 2712 4064 830 5547 4981
