2 15
00000000000001
00000001000001
00100001000001
00100001000001
00100001000000
10000001000000
10010001000000
10010001000010
10010001000010
10010001000010
00010001000010
00010000000010
00000000000010
00000000000000
00000000000000
000000000000000
111110000000000
000000000000000
000000000000000
000000000000000
000000000011110
000000000000000
000000000000000
110000000000000
001111110000000
000000111111111
000000000000000
000000000000000
011111000000000
211 184 209 204 30 153 219 29 212 55 118 215 196 103 76
62 44 201 115 194 64 159 14 105 17 32 80 53 145 174
192 154 132 43 186 40 148 182 19 38 147 170 9 161 99
16 146 144 164 210 217 33 156 71 92 11 97 5 172 3
37 67 79 96 183 109 72 129 205 157 112 84 39 151 66
133 143 100 61 199 7 48 188 42 73 26 138 126 46 166
1 95 77 36 49 104 45 218 130 137 189 127 59 223 221
6 108 41 89 175 171 222 181 51 25 206 24 98 69 202
10 56 193 63 35 140 106 119 117 135 208 180 34 114 52
70 68 82 113 162 142 122 173 131 123 165 85 102 111 18
57 152 167 31 220 134 200 163 160 2 94 58 28 207 83
54 4 169 60 87 168 177 22 50 155 185 121 190 12 8
136 128 27 224 101 179 195 120 90 203 213 23 110 74 197
47 225 187 198 216 107 13 78 81 125 176 124 191 20 15
178 88 158 214 65 91 93 86 21 139 116 75 149 141 150
