3 16
000000000000000
000000010000000
000000010000000
000000010000000
000000010000000
000000010000000
000000010000000
000000010000000
000000010000000
000000010000000
000000010000000
000000010000000
000000010000000
000000010000000
000000010000000
000000000000000
0000000000000000
0000000000000000
0000000000000000
0000000000000000
0000000000000000
0000000000000000
0000000000000000
0111111111111110
0000000000000000
0000000000000000
0000000000000000
0000000000000000
0000000000000000
0000000000000000
0000000000000000
116 180 54 243 156 70 227 78 71 136 102 193 195 256 45 167
173 77 129 110 252 235 233 220 112 31 253 103 255 204 142 241
47 249 168 206 120 98 176 197 67 154 69 1 81 184 163 147
205 57 213 35 236 198 52 182 49 63 125 83 114 115 73 177
225 64 231 74 158 254 117 37 137 17 212 248 162 200 128 211
88 214 215 50 61 104 244 27 141 160 181 65 72 62 23 188
164 202 155 48 127 208 60 239 43 11 143 111 230 140 97 234
10 194 134 170 178 139 3 107 32 209 217 122 157 183 92 191
174 216 53 9 25 179 124 21 13 161 149 207 185 146 133 6
2 153 150 247 5 18 218 87 85 93 29 12 145 15 165 251
166 68 106 172 109 190 16 90 131 175 99 75 14 132 44 8
19 210 58 26 229 240 56 7 42 228 126 171 238 221 192 79
22 144 105 59 222 196 201 169 246 91 199 100 46 108 237 95
245 118 226 30 159 242 89 20 38 232 151 224 113 24 76 84
223 39 34 186 94 148 187 123 51 101 66 4 119 135 82 86
41 28 130 121 40 33 55 96 189 152 219 36 203 138 250 80
