4 19
001000010011001110
100000100000100000
000000000000000001
010000000000011010
000000000000000010
100010110000010101
001000101100011000
000000100100000000
000000010001000100
001001000010000000
000100001000010000
001101000000000100
000000010101010000
000000100000010001
011010001000000000
001001110100010100
000010011001000000
001000010110100001
100100000000000000
1000110000000000000
0000000100000000010
0000100001000100000
0001000101000001000
0111001010100001010
0000000000000110000
0000100001000000010
0010100000001011001
0101010000000000000
0000110101001001001
1000000000000001010
0101101000000110010
0000000000000001001
0000110011100011010
0000001000000000000
0001000010011100000
1101000000100101010
0110001001000101100
8 345 241 264 340 45 98 194 341 320 196 281 94 243 104 327 154 356 151
41 249 145 158 221 266 188 227 52 288 248 294 228 301 29 295 307 318 86
314 251 125 54 300 292 169 138 87 147 135 335 165 44 51 218 146 277 186
19 95 233 336 48 157 101 69 170 253 223 270 9 352 35 321 15 240 350
260 26 159 50 232 306 112 7 62 67 105 298 247 21 183 12 123 150 254
153 215 262 310 297 222 182 106 256 347 140 272 192 116 330 353 208 355 70
117 261 66 346 175 190 61 114 132 205 326 17 200 265 137 103 357 46 174
316 331 77 296 257 184 24 342 189 339 134 287 290 152 324 325 131 27 124
231 311 161 73 187 358 6 328 142 139 258 111 113 309 302 317 271 198 349
195 217 75 49 322 58 16 283 79 23 47 20 92 108 42 242 211 197 285
172 344 74 76 191 68 13 78 268 252 276 5 351 59 102 155 203 282 85
319 178 36 315 121 1 133 180 343 110 267 149 360 216 39 280 239 164 202
334 286 53 359 291 120 33 65 250 56 126 31 207 2 82 278 34 81 173
219 226 18 109 354 90 166 127 89 269 88 171 57 206 284 199 244 91 83
329 97 99 275 235 129 236 255 263 225 176 313 193 130 293 107 303 148 163
55 30 323 43 234 237 212 162 3 304 14 28 22 93 299 96 80 11 177
115 224 40 64 246 72 337 100 168 71 156 312 220 245 338 238 361 141 37
119 143 4 259 160 348 210 122 128 204 230 167 305 179 84 136 209 25 229
308 38 118 32 289 60 214 10 273 332 279 274 63 213 185 144 333 201 181
