5 20
1010000000000000000
1010000000000000000
1010000000000000100
1000000001000000100
0001000001000000100
0001000001000000100
0001000001000000100
0001010001010000100
0001010000010000100
0001010000010000000
0001010000010000000
0001010000001000000
0001000010001000000
0011000010001000000
0011000010001000000
0011000010001000000
0010000010001000000
0000000000000000000
0000000000000000000
0000000000000000000
00000000000000001111
00000000000000000000
00000000000000000000
00000000000000000001
00000000000000000011
00000000000000000000
00000000000000000000
00000000000000000000
01111100000000000000
00000000000000000000
00000000000000000000
00000000000000000000
00000000000001111111
00000000111111110000
00000000000000000000
00000000000000000000
11111000000000000000
00000000000000000000
00000000011111111000
396 55 14 263 261 347 344 123 184 225 173 105 290 72 165 186 352 5 230 175
27 154 155 96 297 287 326 299 194 202 312 206 106 345 4 394 246 193 23 82
168 36 315 7 204 319 128 248 397 228 371 84 381 346 17 74 379 117 40 380
335 300 223 167 266 39 244 139 132 215 47 68 333 284 221 296 22 29 163 80
222 113 378 152 275 364 370 301 3 302 131 252 37 136 137 71 237 386 12 303
306 6 24 104 238 130 211 70 125 13 76 317 358 232 350 369 64 388 181 236
196 62 73 298 32 336 200 18 86 122 158 342 392 353 337 320 188 323 372 314
304 141 189 107 16 48 245 264 30 185 391 78 9 118 35 162 41 198 272 382
114 147 262 227 311 332 286 210 145 242 269 240 69 59 88 159 265 176 273 43
276 33 267 203 259 144 160 383 26 294 112 307 54 87 90 398 270 127 135 61
94 81 65 363 201 179 357 110 115 255 374 111 99 338 60 313 19 15 178 271
180 77 250 354 328 50 161 207 51 190 334 53 288 324 192 253 177 121 197 28
365 140 390 400 11 157 120 216 38 281 366 25 83 226 116 205 375 293 233 174
217 182 67 119 57 58 343 254 85 247 316 103 149 249 44 239 46 183 295 322
102 220 282 209 351 348 92 218 361 20 169 63 243 368 330 10 387 34 241 356
257 195 377 395 8 341 349 384 212 279 56 305 142 138 283 124 172 251 146 309
214 235 199 171 278 285 101 318 42 166 291 126 280 231 100 170 93 148 340 143
134 109 277 49 355 75 91 1 187 98 258 327 208 385 234 45 108 274 376 268
31 260 133 331 2 229 329 213 325 362 97 129 52 289 156 79 373 89 389 367
224 393 191 308 150 66 153 256 219 359 310 360 151 292 339 164 95 399 21 321
