8 20
0000000001000000000
0000000001000000000
0000000001000000000
0000000001000000000
0000000001000000000
0000000001000000000
0000000000000000000
0000000000000010000
0000000000000010000
0000000000000010000
0000000000000000000
0000000000000000000
0000000000000000000
0000000000000000000
0000000000000000000
0000000010000000000
0000000010000000000
0000000010000000000
0000000010000000000
0000000010000000000
00000000000000000000
00000000000000000000
00000000000000000000
00000000000000000000
00000000000000000000
00000111110000000000
00000000000000011111
00000000000000000000
00000000000000000000
00000000000001100000
00000000000000000000
11111000000000000000
00000000000000000000
00000000000000000000
00000000011111000000
00000000000000000000
00000000000000000000
00000000000000000000
00000000000000000000
191 312 108 334 19 319 381 292 229 29 184 233 148 382 158 199 193 374 11 348
322 34 255 114 3 150 22 142 143 156 116 44 297 397 357 215 194 285 384 100
6 157 358 399 168 57 195 269 139 375 172 144 275 282 110 92 219 273 192 1
336 310 385 73 271 23 338 185 243 103 362 307 299 55 85 369 201 149 21 361
53 241 118 231 261 226 323 214 39 288 303 246 391 249 80 353 129 153 91 394
388 332 145 77 79 20 83 210 120 373 62 315 106 290 395 15 368 386 308 335
202 14 97 155 398 400 74 302 244 313 232 160 59 251 331 56 95 309 131 47
164 341 392 88 387 67 170 225 212 10 259 363 300 316 390 81 245 344 252 40
24 266 137 295 50 90 379 36 138 104 133 178 197 346 58 383 356 211 298 325
293 301 31 52 329 268 126 291 169 389 263 209 350 239 317 190 364 7 272 281
204 393 320 279 121 140 378 188 117 222 94 218 351 166 221 234 115 132 265 213
181 82 61 42 101 102 68 38 294 396 220 198 86 179 205 16 248 177 359 35
376 305 264 99 45 260 18 230 327 238 32 337 112 51 26 124 152 78 122 216
277 366 333 111 228 60 342 217 253 123 27 69 76 171 134 105 89 276 242 49
287 250 107 30 314 183 262 154 159 17 324 72 345 326 41 167 165 187 236 208
175 328 377 365 371 65 147 28 130 25 93 237 206 380 296 48 284 254 162 196
370 339 113 207 280 360 43 173 2 174 372 227 189 203 4 367 37 349 304 347
54 182 70 176 87 186 8 5 256 258 84 163 161 146 180 247 64 33 352 270
274 321 235 13 286 318 340 311 127 354 330 119 283 267 66 75 257 109 223 151
12 135 343 125 224 98 128 278 96 306 289 355 63 46 240 136 141 71 9 200
