9 25
000100000000000000000000
000000010000000000001000
000000000000000000001000
010000000000000010000000
000000100000000000000000
000000000010101010000100
000000100000000000100000
000000100000000000100000
000100010000100100001001
000000000000000000000000
000000100000000000000010
000100000000000000000000
000000000010000010000000
000000000100100000000000
000000000000000010000100
010000000000100000000000
000000000000100101000100
000001000100010000000000
010000000000000000100000
000011010100100001010000
000000000000000000000000
001001000000010000000000
000000001001001000000000
000000000000100001000000
000000000000000000001001
0010010000000000001000000
0000000000000001000000000
0000000000010010011100001
0001011000000000000010000
0000000000000000000100000
0001010000000000000000000
0001000010010010000101000
0010000000000000000000000
0001000101000000001000000
0010010100000010000001000
0000001000000001001110000
0000000111011000000000000
0000000000000010001000000
0010000100000010000100000
0000000000100010000000000
0000000001000000000000000
1000001100000000000010000
0000000000000000000100100
0000000010001100000000000
0000000100000000010000000
0011110000000000001000000
0000000000000000000001000
0000010001100000000000001
0000001001000000001000000
206 554 469 112 619 487 31 425 337 84 67 489 614 430 129 590 500 377 406 597 401 387 382 587 28
568 166 25 158 60 324 471 255 491 393 596 52 358 524 589 232 147 342 383 356 562 77 591 551 399
195 181 420 609 157 565 467 124 336 294 193 13 242 448 515 143 247 311 509 182 603 15 196 80 190
55 2 135 278 507 404 343 453 424 238 495 99 400 221 142 556 165 384 81 322 101 316 59 307 352
388 46 82 105 613 612 386 539 537 525 606 197 516 506 56 215 332 451 402 280 511 240 308 40 127
185 485 526 58 535 395 380 47 269 45 71 111 433 209 5 530 544 163 584 545 357 86 354 61 505
463 331 374 179 178 338 198 89 62 334 557 4 244 8 446 452 122 372 533 250 558 39 24 572 529
315 110 521 624 248 413 152 412 21 470 125 183 455 1 168 602 74 292 443 550 403 548 130 552 149
622 426 396 128 346 523 418 436 625 192 391 203 588 263 390 416 536 93 475 299 599 274 600 150 243
570 258 373 287 501 553 608 189 367 138 78 177 161 220 186 289 429 581 233 264 494 153 621 326 604
595 33 498 567 133 414 351 146 213 191 265 543 6 277 428 610 225 611 32 68 79 617 369 117 126
363 295 288 96 569 359 98 14 422 478 320 499 323 11 347 148 116 87 276 410 582 224 123 37 321
578 479 559 542 486 53 620 245 252 577 415 119 330 214 210 171 256 115 227 580 64 549 303 94 376
239 95 167 169 464 291 528 223 512 162 199 184 483 576 409 170 335 113 605 371 520 389 329 175 268
435 72 275 285 134 20 76 394 234 50 560 534 492 497 482 267 571 200 48 7 66 598 304 594 174
423 353 73 172 563 472 30 118 180 514 459 318 63 607 513 90 564 229 26 44 251 434 144 205 592
114 262 194 51 305 502 360 131 83 366 230 136 328 19 231 378 246 42 465 187 447 121 29 297 313
398 85 298 34 35 207 392 27 139 132 441 440 349 579 159 437 237 271 222 615 583 188 480 273 466
23 204 518 460 41 282 306 439 623 290 449 201 541 270 362 284 257 108 473 70 532 510 104 22 561
106 411 325 235 476 450 92 432 547 344 341 368 10 397 302 260 407 54 286 296 69 249 3 219 141
490 314 504 57 417 241 481 259 12 36 477 444 312 272 574 340 317 261 310 538 445 618 154 38 593
236 216 438 145 508 333 339 345 474 421 355 350 301 17 173 456 102 601 120 405 226 566 546 137 211
103 309 97 100 488 327 585 454 458 348 164 253 431 228 217 408 43 427 496 493 156 218 462 442 65
540 575 319 18 9 75 155 484 208 254 88 503 616 212 531 266 293 176 519 527 361 281 364 370 91
375 202 555 517 586 573 522 283 160 16 279 385 109 468 49 419 379 151 461 300 365 381 457 140 107
