10 27
00000000100000000100000000
00000000100000000100000000
00000000100000000100000000
00000000100000000100000000
00000000000000000000000000
00000000100000000100000000
00000000100000000100000000
00000000100000000100000000
00000000100000000100000000
00000000100000000100000000
00000000100000000100000000
00000000100000000100000000
00000000100000000100000000
00000000000000000000000000
00000000100000000100000000
00000000100000000100000000
00000000100000000100000000
00000000100000000100000000
00000000100000000100000000
00000000100000000100000000
00000000100000000100000000
00000000100000000100000000
00000000000000000000000000
00000000100000000100000000
00000000100000000100000000
00000000100000000100000000
00000000100000000100000000
000000000000000000000000000
000000000000000000000000000
000000000000000000000000000
000000000000000000000000000
000000000000000000000000000
000000000000000000000000000
000000000000000000000000000
000000000000000000000000000
111101111111101111111101111
000000000000000000000000000
000000000000000000000000000
000000000000000000000000000
000000000000000000000000000
000000000000000000000000000
000000000000000000000000000
000000000000000000000000000
000000000000000000000000000
111101111111101111111101111
000000000000000000000000000
000000000000000000000000000
000000000000000000000000000
000000000000000000000000000
000000000000000000000000000
000000000000000000000000000
000000000000000000000000000
000000000000000000000000000
233 609 541 183 556 343 80 329 225 325 215 18 670 113 573 373 164 220 578 157 32 530 251 191 524 444 194
582 52 217 598 210 200 709 694 50 564 2 660 141 720 653 519 434 483 622 189 186 617 208 719 710 611 341
19 558 533 125 64 323 339 292 148 365 169 529 121 539 700 637 561 122 74 718 535 630 374 714 362 352 403
427 285 260 283 268 686 207 458 593 219 142 608 358 241 654 158 294 35 400 153 412 677 531 681 88 344 679
632 729 127 597 335 34 270 222 452 466 635 9 706 363 393 355 326 408 675 364 511 67 245 324 314 568 594
161 437 235 143 684 119 238 221 41 319 447 61 599 387 724 420 90 247 342 602 553 469 702 305 46 274 643
567 492 409 472 587 295 575 229 631 615 726 27 381 301 696 716 629 366 703 97 436 422 214 359 391 571 430
704 682 57 98 117 580 20 83 246 372 478 723 441 628 701 272 84 300 178 707 44 261 527 544 228 543 664
55 604 28 537 199 154 550 721 33 552 626 56 510 619 276 659 316 502 651 165 167 58 517 633 264 394 182
43 192 576 501 586 385 456 548 361 92 639 340 284 209 304 689 78 577 621 287 397 505 450 603 297 243 188
120 649 471 600 699 688 547 467 54 601 562 101 424 620 669 463 147 10 378 666 216 42 290 648 528 232 634
115 445 725 507 48 494 663 500 223 661 410 273 135 515 172 150 470 487 353 320 606 291 584 448 695 698 454
656 389 520 514 275 73 231 491 293 455 457 51 376 296 481 267 278 1 63 351 201 473 419 155 350 650 680
104 281 388 668 218 644 124 237 346 407 678 551 354 513 674 382 532 159 107 423 70 652 545 348 334 286 570
489 68 728 697 536 337 618 171 255 439 262 585 206 708 370 132 299 38 140 86 380 45 591 29 16 658 65
432 504 213 111 118 464 53 538 616 322 330 590 401 333 672 71 14 588 368 24 583 277 592 116 3 685 146
646 21 313 174 435 565 518 642 390 676 31 249 371 212 11 175 173 25 484 540 244 692 168 534 253 95 39
683 126 416 572 37 15 345 705 269 226 60 100 399 525 557 211 640 369 402 94 413 711 516 327 66 6 109
202 667 317 93 453 312 477 417 479 12 498 103 309 204 465 79 170 486 248 546 17 82 271 383 289 555 581
91 96 690 625 176 712 655 451 727 462 187 145 137 429 47 421 612 13 595 665 449 691 162 506 303 259 503
149 433 163 480 336 605 338 224 136 375 549 8 114 596 468 460 230 414 156 392 123 497 398 360 239 258 607
99 138 476 307 328 318 722 443 418 379 717 263 431 384 160 415 331 485 521 657 523 87 77 496 266 4 428
641 332 308 461 89 386 526 133 310 203 139 5 76 574 495 713 488 306 377 560 152 406 256 102 106 693 75
349 282 715 499 22 193 442 250 446 179 426 687 30 198 396 40 105 227 311 404 624 81 638 196 190 131 59
69 128 508 321 438 234 36 356 144 177 151 298 242 671 347 252 130 184 112 662 205 49 493 475 569 589 302
129 579 509 474 197 265 405 645 367 512 627 440 240 636 554 85 195 23 673 181 395 490 288 647 559 610 482
563 411 236 623 26 254 257 522 280 72 279 613 110 180 614 566 315 166 542 185 357 7 108 425 62 134 459
