12 30
00000000000000000000000000000
00000000000000000000000000000
00000000000000000000000000000
00000000000000000000000000100
00000000000000000000000000100
00000000000000000000000000100
00100000000000000000000100100
00100000000000000000000100100
00100000000000000000000100100
00100100000000000000100100100
00100100000000000000100100100
00100100000000000000100100100
00100100100000000100100100100
00100100100000000100100100100
00100100100000000100100100100
00100100100100000100100100100
00100100100100000100100100100
00100100100100000100100100100
00100100100000000000100100100
00100100100000000000100100100
00100100100000000000100100100
00100100000000000000000100100
00100100000000000000000100100
00100100000000000000000100100
00100000000000000000000000100
00100000000000000000000000100
00100000000000000000000000100
00000000000000000000000000000
00000000000000000000000000000
00000000000000000000000000000
000000000000000000000000000000
000000000000000000000000000000
111111111111111111111111111000
000000000000000000000000000000
000000000000000000000000000000
000111111111111111111111000000
000000000000000000000000000000
000000000000000000000000000000
000000111111111111111000000000
000000000000000000000000000000
000000000000000000000000000000
000000000111111111000000000000
000000000000000000000000000000
000000000000000000000000000000
000000000000111000000000000000
000000000000000000000000000000
000000000000000000000000000000
000000000000111111000000000000
000000000000000000000000000000
000000000000000000000000000000
000000000111111111111000000000
000000000000000000000000000000
000000000000000000000000000000
000000111111111111111111000000
000000000000000000000000000000
000000000000000000000000000000
000111111111111111111111111000
000000000000000000000000000000
000000000000000000000000000000
136 77 566 358 192 128 188 15 297 633 453 546 731 260 287 526 763 556 817 83 51 729 210 241 16 481 515 860 171 465
236 900 18 330 699 427 473 600 126 510 661 611 12 756 163 30 310 677 647 60 294 28 168 547 811 175 370 232 399 363
609 658 806 769 317 877 340 656 820 687 697 716 56 246 615 470 841 821 48 730 624 875 805 37 544 378 364 407 234 296
863 889 1 238 89 553 101 191 458 463 33 292 359 266 501 415 639 720 78 159 503 298 456 567 274 316 173 592 858 733
137 690 409 804 705 895 826 74 57 9 413 425 133 590 529 276 404 445 533 38 851 879 82 224 569 748 420 791 249 601
584 535 871 857 574 685 844 319 432 491 13 809 696 4 713 356 894 536 45 184 781 549 194 692 652 410 375 112 636 90
545 429 825 40 270 20 612 616 678 496 565 280 325 68 59 419 109 367 134 839 403 693 354 50 881 695 304 528 487 239
874 768 517 522 542 289 88 275 113 69 464 36 667 657 98 376 198 870 94 502 591 532 893 225 204 383 520 160 397 785
789 457 218 387 278 511 154 149 271 157 366 147 550 300 178 462 385 282 719 207 619 540 823 111 93 707 552 471 24 441
884 440 446 391 153 634 626 724 734 91 414 698 543 524 412 761 135 401 747 349 431 635 548 460 350 315 694 683 468 138
494 21 866 562 469 44 580 603 521 484 67 29 586 424 307 372 770 237 495 164 119 668 436 898 610 802 599 812 832 795
205 92 161 555 489 797 773 691 499 121 681 329 444 361 254 230 183 43 131 272 339 166 362 519 682 85 824 428 84 58
830 240 712 838 186 213 718 341 110 541 291 702 641 124 759 250 714 279 772 659 293 199 182 643 671 837 103 578 721 342
523 527 31 320 179 613 406 127 11 8 628 483 41 22 598 377 605 778 295 588 244 764 572 579 654 563 888 265 684 755
34 670 878 23 221 228 649 129 235 744 476 223 267 72 269 451 285 673 347 187 638 438 640 604 423 231 614 54 79 488
568 155 892 885 485 862 890 311 595 405 301 95 876 827 248 217 172 152 798 100 509 99 211 486 753 379 539 433 190 284
873 788 783 32 665 283 411 709 587 726 570 816 46 197 333 840 813 632 514 264 430 583 343 107 741 222 180 437 212 833
607 439 801 660 525 65 732 646 576 417 394 506 843 459 64 263 66 620 314 214 736 784 815 834 749 454 505 666 209 334
105 53 174 62 835 215 346 571 704 61 738 780 309 474 482 498 398 390 672 227 277 185 597 757 55 226 80 810 242 774
114 371 233 675 208 162 808 253 582 63 201 251 165 856 302 261 842 606 193 669 648 754 344 369 518 313 286 312 728 746
384 786 273 39 593 663 388 782 202 216 195 651 400 252 7 332 710 86 450 790 701 97 196 229 102 846 142 108 382 117
290 538 104 299 443 530 396 725 421 561 426 141 622 189 630 243 120 882 258 118 573 305 868 466 849 338 618 497 554 796
434 513 25 442 337 306 322 872 745 703 775 800 564 144 87 206 859 490 777 448 853 256 247 125 867 106 886 551 686 14
577 848 629 393 81 200 512 662 386 177 575 735 71 814 115 650 516 751 631 722 327 688 623 6 680 467 35 169 531 589
737 150 10 762 42 653 52 303 146 392 73 771 864 148 353 776 345 799 581 140 17 507 245 765 627 75 422 351 308 608
642 854 621 758 156 323 760 602 850 220 819 170 558 828 887 831 508 326 352 787 793 435 740 335 896 145 116 674 373 706
5 807 865 318 708 557 355 897 219 47 700 852 360 324 167 143 357 395 76 328 727 2 594 739 479 880 259 534 676 794
461 447 321 477 49 645 855 203 262 480 504 883 472 368 408 617 792 158 281 3 402 711 664 389 130 845 132 625 836 475
637 750 689 715 70 255 380 891 365 348 559 560 19 478 418 257 455 869 181 268 449 151 743 331 336 374 861 26 492 537
717 742 723 139 847 288 766 381 585 500 176 27 655 899 779 452 416 96 822 829 752 493 679 803 596 122 767 644 123 818
