13 30
00010000000001010100010000000
00010000000001010100010000000
01000101000001000001000101000
01000101000001000001000101000
00010001010100010100010000000
00010001010100010100010000000
00010100000001000000010000010
00010100000001000000010000010
01010000010100000000000000010
01010000010100000000000000010
01010001000001000000010101010
01010001000001000000010101010
01000100000101010001010000000
01000100000101010001010000000
00010001000000000000000001010
00010001000000000000000001010
01000001010100010100010100010
01000001010100010100010100010
01000100010000000100000000000
01000100010000000100000000000
01010100000100000101010100010
01010100000100000101010100010
00010000000100000000000101000
00010000000100000000000101000
01000001010001000001010000000
01000001010001000001010000000
00000001010000000100010100000
00000001010000000100010100000
00000100010001000001010101010
00000100010001000001010101010
000000000000000000000000000000
001100000011110000110011000011
000000000000000000000000000000
001100111100000000110000001111
000000000000000000000000000000
001100110011001111111111001100
000000000000000000000000000000
000011001100111111110011111100
000000000000000000000000000000
001111110011111111001100111100
000000000000000000000000000000
000000111100000011000011000000
000000000000000000000000000000
001100110011110011111111000000
000000000000000000000000000000
000000110011111100110011111100
000000000000000000000000000000
000011110000001111111100110000
000000000000000000000000000000
001100110000001111001111110000
000000000000000000000000000000
000000110011111111110000001111
000000000000000000000000000000
000011110011001100110000001100
000000000000000000000000000000
111100111111111111001100001111
000000000000000000000000000000
110011000000111100000000000000
000000000000000000000000000000
155 228 742 461 451 339 675 856 347 93 110 383 712 172 321 53 448 702 736 530 638 191 294 271 225 605 291 342 697 2
181 166 573 140 368 541 798 821 519 525 878 427 885 182 899 613 686 420 524 82 296 553 685 292 407 421 214 674 547 350
650 600 851 363 153 583 846 760 38 351 555 861 472 45 648 886 41 192 275 380 379 566 337 297 743 385 108 258 92 582
36 781 212 627 132 369 319 103 758 409 474 17 354 681 290 470 618 888 310 346 465 1 372 610 464 687 88 243 745 429
276 744 413 793 102 657 585 280 15 641 572 767 556 822 708 7 89 320 417 815 773 449 603 246 345 178 424 664 300 644
565 124 595 197 616 536 99 604 663 692 286 69 568 405 497 19 180 715 121 402 6 558 775 133 701 762 196 58 649 11
418 74 594 841 293 549 575 490 839 759 695 134 272 726 667 143 265 586 749 569 486 895 414 453 313 37 639 201 475 261
577 248 561 890 63 393 119 79 875 833 378 579 512 324 269 394 493 50 844 584 224 796 75 328 548 211 533 560 106 502
696 163 387 864 33 501 511 39 754 229 729 460 193 691 330 869 312 151 679 128 523 724 741 614 149 237 787 849 606 441
168 188 863 160 816 365 238 403 637 262 837 629 471 35 828 120 750 288 882 865 400 642 357 871 98 390 661 20 748 435
430 171 219 703 101 459 384 578 782 510 889 16 476 244 513 287 467 534 318 31 653 711 598 544 175 408 303 273 602 216
706 412 125 563 179 353 114 529 8 803 233 872 382 666 487 825 766 495 240 381 315 819 209 173 317 100 508 452 700 335
77 22 309 242 56 148 252 623 255 891 138 71 693 479 442 445 735 94 659 812 352 827 154 376 730 645 406 374 866 185
808 78 823 253 117 814 81 834 656 570 158 299 843 684 652 622 164 747 540 256 91 898 203 147 4 842 245 504 893 259
326 646 137 468 753 587 858 361 554 189 806 431 780 170 574 84 10 126 665 364 87 5 65 268 518 791 456 241 136 477
123 537 770 505 436 607 333 70 398 567 109 334 740 274 722 528 289 507 868 370 503 867 236 21 810 731 433 771 589 43
746 115 66 439 632 386 543 437 51 377 443 183 144 9 535 96 3 794 404 483 764 835 699 316 581 801 279 327 517 619
688 897 355 343 532 721 104 231 395 388 221 562 215 516 713 802 480 683 621 611 564 54 204 251 213 705 751 283 783 254
30 55 776 210 97 599 122 527 892 226 444 625 658 187 314 831 491 737 769 714 162 840 304 873 340 156 682 676 515 239
322 90 62 734 458 887 633 877 785 434 853 620 647 792 738 44 494 397 331 678 820 76 234 277 804 521 338 206 24 545
462 832 506 795 373 165 141 478 208 813 640 876 591 857 68 227 344 628 469 800 159 118 489 728 526 651 668 500 755 366
264 72 348 250 874 139 278 80 111 425 499 27 571 450 295 552 389 752 838 25 411 848 463 634 232 167 601 169 680 198
716 419 757 415 362 466 105 428 689 263 12 777 325 826 260 630 732 336 423 847 410 308 830 643 200 576 112 184 485 818
608 725 845 202 894 307 779 194 617 177 631 64 447 694 301 790 557 786 73 588 539 763 392 797 199 358 774 176 492 590
247 186 615 880 473 805 416 772 655 542 484 131 596 612 531 862 284 29 829 422 157 306 879 546 130 454 580 881 654 522
593 249 673 670 127 446 768 152 817 807 488 455 349 669 47 257 391 223 360 850 145 161 756 26 14 672 46 85 709 282
113 116 396 739 789 520 718 662 174 95 698 59 884 733 784 438 107 285 135 432 341 13 401 40 626 49 426 86 765 83
23 720 230 809 498 788 671 727 710 854 761 270 677 624 514 305 481 150 298 190 52 707 836 723 457 399 67 60 896 482
32 559 855 356 870 235 496 28 266 824 222 142 302 218 281 329 57 440 371 551 778 852 129 323 375 367 146 267 799 597
609 900 48 311 592 217 811 719 61 883 860 18 332 509 220 636 205 195 704 538 717 690 550 359 859 660 207 42 635 34
