17 50
0011011001110000100001010100101011001101011011101
0101100010100111100111101001111001101001001001100
0110100110011101101010110010001010010011110010011
1011011110001010010101010111100001101111011001100
1011101111100101111000100011101110100010101101101
0111100011011110110011001110010110011101100010110
0100100011010000000000110001101010011010101101001
1011000001110101100100001101010101001111010111000
1101000000111011011000011000000100000100010001010
0101111101100000000100110101000011110100001010111
1010100001001001010000010011110100101001110110010
1100111101001110100111101010100101000010101111110
0000100000110011010000001001110100101100010111010
1110110110100101101111010010010110001110101110100
1101000101101100011101001001000100111110101110111
1111110110111111000111100001001000010101001001100
0000010000001001101001010010101100110100101011001
0011001000110010100100001101101000100010010100101
0100101111011111111101010001110101011111011011001
1011001001011011000101111011001001001000110001010
0010101011111011011110011100001100110110101100100
1101110101001100000001010101001000001001110110001
0011001001010101001001000011010100011010010101111
1011010000110101100011111001100010111000010000010
0000110010100110010110101010010100001000101110000
1011100110010111011010010100101111010110010010110
0101000010011101111001010101011011101010110100011
1110001110100010101001010000001101010100011010010
0000000011000110001111110110101110101100100011011
1010011110000100101100100011100011001110000010100
1010100101111101101101100111101011110110100011110
1100111010101100011101010101111011001111100110010
0011110101100011001101001110101101011000001100100
0001010110010111010011100110100000110010001011111
1000011000000011101000110011010110100110101101011
0011000100101001000100001100001010010000101110011
0000010001111010000010001000001100110101110101001
1011100101100010101100011110001010010100100000110
1001111111000001101010101010000101001001011101100
0110101010000000010001010101101010101111000111111
0111111101110101111010000001001011010101101100101
1000010110111100101101010100011111001001111100100
1001010011011111000110111110001110001011000110010
1010101101101001101100110111000010111100000010001
0010100000100100100101100000101011110111110110100
0011011101101111010111101001100100000100000110011
1111011111010000000110111110001101001110010010000
1110010110010001101100001001011000011000111000001
0110101001100100101111101011001100111000000011001
0000011110100010101001001100110000110010010000100
01000101000001110101011001010100100100100100100010
01100011001010000011100000110000110100110011000001
01011000111100011100010111110100100111100100111010
01000011000101100010110110001110010010000001010011
00000100001001001101100100100101001100110100110000
10000110100100101001110111000100101110100010110011
01111011110110010111011010101101101100011111000110
11001101111010100011101110110101101011001010100111
00010101110000111101101000011111000011110100100100
00011010010111110111011111010111101110110001001010
00010100101011100101010110100010110011010100000110
11110001111010000111101101000001100100111111010010
00010001011001110000001011011011001110010000100001
10011110000100101000100111110110011001111100010101
00010110011001011101010110111100110100000101010000
01001011001010000101100010101100101010111101001101
01101101111101111100101110010101101101001010100100
10101100000000000100100111011101101110000110100110
10101011011000100011100001100001011001101001101100
01101011001000110101010101001011110110110101100011
01010001100010001100011000011010110011001110101111
10000100011001011011111011110111111001000001011000
01011111011110111101010011100001110011110110010000
10100011001010000001001001011010010101111101001111
11111011111001001101010010110011000100011000111101
00100011011101111000111010011110110111110101110000
10101100111010100011011101101000000010011001110111
00011011000011010100000001111110100100110000111010
11011101011011010100010110000011010101011110100000
01011000111001011110010110010100100000101011101010
01110010100010110100101010000010101110001011000111
00100000101010001000011111000001001001010010001001
11001110010101101111110100011010110001111100110000
11011000011010010001001010010011011011110100101100
01001011110011000111110101100101001001011101000100
11011101110001011101110110101110011101011110100100
00100101100111001101101100101110111001010010011111
01110000001111000100110101010111010101111000100010
10001011011111101111011011010111101100000111001101
10100000101001101000100101100011011001010100100000
11001011000101100010111110100110101110100000111010
01101110000010000111100001110100001101110111110010
00100011011000011111010000001100010010001110011110
00111010010111010010100010011100111001110110010010
01101101110100100001000110110011100001001001011000
00001000011110011011001101011101110110001101111101
11100100000110111100101000100110010101110100111011
00001000001011010010101011001000110011111011001110
10010100000110101010010100110001110001010101110010
2061 370 1013 643 606 331 706 1458 19 1569 359 6 389 1498 1328 2402 1031 311 2051 423 1791 1904 302 889 582 2109 305 1479 1056 1489 2212 1831 1541 2218 1560 1702 1236 406 2257 1422 2181 1715 1171 2388 126 886 135 2259 612 634
2486 2362 2333 2251 1933 224 1082 1646 1342 2134 661 1096 2199 1195 1585 1144 1059 1080 1952 1008 2492 482 784 492 2165 1353 577 2425 288 1766 1981 986 1997 845 627 750 2106 2379 687 140 1323 509 2023 519 1668 197 1154 1878 2444 1767
1683 1778 98 1457 2027 2272 427 209 1472 2287 712 121 32 1572 50 962 1317 2126 888 1036 393 103 502 1788 332 270 1926 1509 679 451 1818 2479 2032 958 783 2332 1067 1396 740 1969 1406 1631 2011 2177 573 1951 1420 95 1407 589
161 2016 677 1584 2383 1792 1259 539 412 308 1177 146 1929 1176 728 183 1264 150 1211 1243 1889 2440 139 1411 1163 777 2222 1464 1801 353 1808 2071 1453 221 2 1135 2304 1948 935 2401 365 832 1506 1854 346 1216 2147 835 2469 2091
145 1309 2159 1041 2295 1438 730 2298 768 864 742 211 128 1637 1373 2288 343 2155 1847 2361 2241 97 180 2385 1722 723 1025 1128 2213 338 1461 992 834 430 2093 2398 2271 1957 219 1980 12 1949 83 2021 2463 326 2170 1732 36 724
164 1055 24 842 220 1936 1693 2022 2344 337 1967 2373 1976 957 2248 972 971 651 309 120 2396 1378 908 1738 1939 39 1012 597 490 775 2346 1161 1028 1636 1101 1139 764 1097 870 1049 78 1757 970 1473 751 1866 2261 690 448 1111
1809 1235 2121 317 8 1371 1432 863 2204 2173 1561 1804 499 2214 1011 963 284 2013 607 748 830 141 2351 575 2033 1494 1985 880 1129 1727 890 1399 1427 926 1538 1610 1398 656 721 65 1613 1581 1817 2122 178 1835 2424 409 1698 732
1434 1020 1523 465 2310 683 2242 494 2143 2055 1331 233 435 2167 1567 1205 1073 1537 1927 2113 2039 2172 342 1061 2184 1356 1627 2120 799 2245 684 685 979 314 1395 429 160 682 136 1279 142 1447 1529 1899 2358 1626 420 1103 422 432
744 820 2448 2008 896 660 2328 1339 483 88 1532 556 260 1671 2273 55 598 3 2166 2203 1001 2149 1435 1508 1557 2006 937 2443 1258 1451 1520 1593 1783 614 112 715 738 1739 28 533 1042 1484 500 1704 961 15 729 711 259 2019
637 951 447 2483 407 529 147 294 104 2348 670 213 1230 2015 1233 967 1839 1853 1493 2420 697 887 339 1184 1322 1283 10 1108 464 1340 828 2205 1125 350 1244 484 1130 2411 1359 1374 1868 1591 1731 698 1444 2497 1999 1781 2415 1318
2315 1864 2087 590 257 2070 2311 394 1669 904 769 2320 1256 609 1423 884 1718 1710 2186 1794 929 1392 1424 615 552 125 300 2131 111 268 1795 1336 263 1167 2317 569 1014 1072 192 844 974 228 1598 1580 2457 2224 250 2319 907 292
1674 1578 2195 1714 424 373 2342 2270 911 1367 1833 2116 2394 1907 1932 686 1966 1881 2493 766 2380 1064 2293 49 619 1229 62 153 262 478 1204 35 2223 2146 1988 984 1856 1663 1193 1526 2152 2431 1450 1647 1604 1760 1194 168 493 286
1466 570 653 2227 1553 321 2096 33 1728 2374 242 415 1058 787 349 1946 1383 862 1109 657 2384 438 379 538 375 678 1404 817 1210 1152 2059 727 247 1819 1225 356 2206 2115 1007 938 1953 1751 1998 1962 516 1750 21 216 229 932
1491 941 626 1497 905 107 157 2231 2405 2467 1132 1913 1295 931 2323 558 455 1684 794 521 504 2057 2376 67 2228 51 1114 2337 1415 462 1583 2145 966 1639 508 347 1220 1009 2414 2020 280 1346 454 1047 785 836 1977 1821 1439 1155
1992 782 80 1325 567 1301 2138 1391 1142 1713 566 1859 1805 1495 1522 1971 99 934 1408 2037 2436 968 2488 189 1890 413 2343 2312 990 1938 562 285 1861 1390 1354 1179 874 1701 355 196 2451 867 852 691 1542 2201 2183 1577 320 771
1274 2000 525 1079 312 2329 2099 1973 1599 1172 193 673 745 555 1099 898 1812 240 788 1874 1871 2422 1075 214 2256 2330 2053 100 850 1531 2336 2102 2372 616 1658 2442 1137 1993 1942 1564 1050 273 137 2426 808 617 2392 2428 2470 85
345 2185 170 1905 702 881 1078 1187 953 2371 1286 734 1597 61 1515 1991 73 636 1162 1151 205 936 2045 572 1617 892 1769 546 1565 190 1185 1363 2297 1284 1662 1232 665 1774 1836 561 1460 823 1066 187 716 628 1306 1679 481 1558
1872 66 1165 611 547 165 581 585 2474 1068 152 855 2360 1146 1292 833 131 252 810 1467 376 2127 618 2369 106 1156 778 1368 1655 2158 743 1446 1965 434 276 1330 1026 1071 2044 1277 52 2132 1120 1291 1433 215 254 635 1443 1552
1863 2088 1218 2065 1837 26 486 1579 2418 2291 565 443 2001 360 522 46 2219 166 664 1935 186 2105 441 645 295 1670 86 491 1118 2246 1527 2052 1576 1753 171 950 1786 965 1416 1822 574 2084 245 1449 594 554 47 1634 1477 642
2151 366 2031 1656 722 1384 2370 1203 374 323 2229 1645 414 2193 303 2042 1834 973 688 851 2200 1098 1903 2419 388 997 1694 1852 1060 1016 203 1039 1417 1413 1873 352 790 17 1502 1723 109 2408 638 2068 707 1085 2289 779 1605 631
30 408 2066 281 1902 692 920 82 2357 396 2347 1361 162 2005 1857 2198 940 1635 1665 693 1813 1931 2100 1619 960 1266 1173 1247 1293 1246 458 542 2389 1409 853 96 1559 1094 2207 1400 652 2017 1219 1320 2477 2266 2128 2375 1602 1113
1592 1633 2252 1740 466 1734 2002 1827 1571 1305 822 603 2188 1112 829 2356 559 1770 1044 806 503 2359 1223 882 2321 1882 336 1492 1546 2136 115 1405 2427 319 1149 2178 105 2233 122 1200 2393 1712 1764 2354 1483 761 553 1589 1773 22
695 592 1765 2458 269 1307 144 2303 1823 2299 1987 731 1566 1278 948 2030 1672 2190 826 532 831 2340 1963 776 1255 1327 2038 2187 641 1756 468 1915 518 1798 514 1505 1549 1482 488 1638 2168 1471 1385 1503 1862 1676 1150 1649 1540 1228
860 404 70 1898 2499 1254 2089 2208 329 1169 2307 1337 1376 1586 1486 1601 2141 2456 1310 959 917 428 591 586 1574 1397 92 956 1476 450 1741 1290 2250 919 2364 367 1090 1207 274 89 1745 410 2098 1771 2240 2283 1343 2209 31 2189
998 1911 804 1158 440 118 93 1104 398 1362 544 1107 781 985 445 2353 1686 2421 802 1333 476 1692 2341 1928 1724 772 1556 1110 879 2473 846 278 1832 1983 54 792 1000 623 759 1657 1785 1126 1133 2305 1945 894 841 1654 2163 515
2196 2123 199 1618 798 119 1716 1123 991 1582 2175 2095 1288 2060 4 563 2179 1752 172 1375 426 1083 7 235 713 517 1426 2244 2164 1175 1418 848 584 786 994 576 129 837 2267 2026 449 2041 1141 1358 222 773 241 1143 151 1806
2263 1030 154 1369 1329 1630 63 813 307 2232 258 2454 2423 1588 1231 1201 1414 361 1941 613 1901 676 2211 1251 248 838 632 2282 1609 124 2482 14 662 1736 654 1140 1891 910 624 2397 1437 1145 149 1616 564 354 1547 2082 444 1705
1996 185 2363 933 1961 496 2308 1858 123 1382 725 1521 2496 1217 793 397 1033 703 1372 700 456 1755 1968 1695 1421 232 1789 298 1454 2073 84 947 1970 368 1897 1883 520 1708 2160 1015 1511 402 283 1843 757 1594 2012 2386 2265 489
949 72 988 271 1070 2269 749 1480 2275 313 924 384 1950 1777 1076 182 1321 1761 1849 2125 206 416 630 753 918 952 1237 2487 1611 1360 1652 2255 108 583 987 704 1180 818 801 2274 1621 1900 127 1065 1027 1955 382 2069 939 1535
2268 1196 897 633 2472 2413 1296 1784 249 1345 869 944 177 1525 1884 2399 541 1675 495 163 593 718 537 2029 2161 1513 2169 202 1051 1763 1285 815 649 1121 498 1918 1974 530 327 2014 2119 1127 1045 1341 1160 1352 225 1840 1304 2104
470 1721 2292 1796 1159 243 1848 663 1281 1462 1829 1334 1749 289 1441 16 1456 2154 1667 2072 1979 2112 978 2025 639 358 1875 169 983 1004 419 2111 1699 866 754 1892 2280 2345 1870 1989 1351 2034 620 2313 2278 2400 1074 1148 1994 902
1168 1077 1170 1224 534 2327 1700 2417 1518 871 1742 1394 328 143 2009 452 1776 2462 425 1496 1876 1921 1995 1131 1888 1032 1242 29 1324 399 1311 75 736 1746 2432 2466 1787 580 1802 1768 1034 1554 1691 79 1122 210 549 237 417 2230
964 13 993 1816 2406 1986 2124 156 1661 1436 856 2435 893 421 2067 299 816 1608 2381 261 912 1893 485 507 1499 2377 64 2050 2284 1726 1830 1402 2447 821 2334 1504 1214 1673 2064 1706 372 293 1682 2391 689 921 922 644 604 861
1539 1197 253 1465 1153 167 1213 1737 976 877 1958 1119 1612 599 1249 1507 1474 42 198 1990 1365 2142 2133 1092 2430 1650 610 362 568 18 2459 91 45 1860 1239 2085 2054 11 765 1164 1430 277 188 1002 1062 1448 1303 2243 200 1269
2215 2094 2276 1524 895 2365 2148 2237 1294 1528 57 2468 207 2449 467 2140 875 1469 1548 1851 1054 2144 982 433 1308 1490 814 506 1425 2429 543 1709 1057 2090 1855 1797 230 391 117 238 81 184 2047 1106 291 1212 469 809 1615 1313
315 1276 1799 267 648 335 1052 906 789 1084 1245 646 2153 333 20 650 2264 27 2350 1651 1312 1779 1387 2484 1459 155 1826 1924 453 914 411 1270 1754 1844 1865 923 2137 371 2412 266 2314 1711 364 1625 1298 201 1620 2461 1455 2010
760 989 1157 477 1419 2235 1199 1260 548 1262 596 1685 2318 386 1703 1134 658 1544 579 1332 1401 1947 436 2239 1943 2438 1697 1919 763 60 1431 297 916 1282 1869 2078 2349 2083 472 1923 380 471 819 1263 400 1272 1381 1845 1488 1514
2437 2194 840 2234 526 2339 811 1954 812 1087 1275 212 227 2110 1733 872 540 2489 1181 1174 1069 969 671 1841 2101 1238 2028 1640 1386 1048 531 246 316 53 2046 839 854 1758 746 1772 38 1642 223 1280 2434 1046 114 1389 2226 2368
1038 1975 1022 2322 1261 1720 2491 2035 363 1188 1102 873 1707 505 523 797 1894 68 674 510 557 1666 1088 2063 1105 1867 1820 2254 2180 279 1024 891 1267 1800 1846 287 659 1357 1468 605 954 1006 2024 1730 2294 318 418 401 208 1744
2453 1807 1379 803 1124 437 1003 59 1664 800 1824 513 1543 767 387 1138 756 2217 1895 2171 825 1481 2338 1023 1814 1775 1183 301 1879 1600 1377 640 1956 1519 1623 2433 2445 1215 461 981 2043 1914 708 1412 2441 755 2117 2007 1512 272
116 76 1300 2281 719 479 2176 1043 1533 1221 44 1530 1452 2478 1442 1209 1338 1252 1960 1178 927 2220 780 1677 1501 666 1037 405 217 324 176 741 1944 827 535 807 2056 669 457 2075 2446 2301 1019 2062 113 1226 1202 1093 681 1018
1035 1240 1403 1198 1063 925 975 1759 758 2074 1326 34 2197 1842 1086 1925 2387 2409 1191 174 1850 1271 1147 791 600 909 1315 1 868 2225 2316 322 132 930 1563 369 2476 1429 1166 2378 43 1470 1393 2097 977 1348 1517 23 2076 878
955 1206 1912 2150 747 101 334 1478 739 2490 915 1959 2107 2081 1253 1510 1115 2455 1265 2475 148 2494 913 2182 2036 1910 475 255 9 234 1909 2465 1793 133 668 824 1982 528 1607 2004 655 290 403 601 446 1370 2450 1463 1624 770
310 629 551 1335 1053 102 2048 2335 325 1190 1896 1534 1248 2480 2139 680 159 48 1005 2174 1729 2416 231 1319 1551 459 2135 709 282 1810 2079 5 1029 2286 2058 2309 899 2471 2130 25 511 2216 2464 1299 2500 1116 2302 344 377 2306
2103 1689 94 390 1603 181 1010 487 1984 2279 1380 1887 1302 2238 2355 1555 1136 1696 1289 1189 2296 2395 752 1575 439 226 1972 1587 1241 2367 1440 473 849 1908 2129 1680 2382 2247 1719 625 621 545 2324 69 1937 2277 1186 995 306 1347
1629 1410 1681 37 1017 1287 1648 1208 463 710 2390 858 191 330 536 1040 2040 2460 378 474 2191 1922 2410 1350 2221 90 460 883 138 1688 1297 173 672 1811 1355 2285 77 795 385 2077 1916 900 2258 158 2352 265 1500 714 1606 1388
701 999 675 175 1192 256 1366 130 348 296 608 383 857 1659 1877 1545 2260 40 847 392 2300 2157 1790 244 1632 2249 2080 571 1930 236 1920 1641 1780 1747 1644 194 1268 2162 1516 1182 1838 946 1475 1643 2495 705 1550 1906 524 1100
726 1234 1660 381 2439 1570 1445 578 1978 588 2452 1717 195 1590 58 942 2326 1917 859 74 1222 720 737 2049 1748 1344 1227 796 351 442 1782 56 876 595 2485 602 1536 1940 1828 1815 1273 1595 1803 501 647 340 1628 996 2331 2092
843 2086 1568 928 943 1614 1687 1964 885 1485 204 341 304 696 865 527 251 2202 1081 550 622 431 945 1117 2210 2407 1428 1021 2498 1562 1622 2404 357 587 1095 2114 264 980 110 1885 1690 512 2481 774 1653 717 560 497 1573 805
1349 1743 87 2118 2192 901 1487 903 1250 735 733 1934 395 699 1825 667 1314 2018 694 1316 1880 480 179 1089 1257 2366 134 2403 2253 275 239 71 762 2236 2108 218 41 2262 2003 2290 2156 1762 1735 1596 1678 1886 1364 1725 1091 2325
