18 50
0100100000001001000000001000010000100001000000010
0100100000001001000000001001010000100001001000010
0100100000001001000000001001000000100001001000010
0100100100001001000000001001000000100001001000010
0100100100001001000000001001000000000011001000010
0100100100001001000000000001000000000010001000010
0000100100001001000000000001000000000010001000010
0000100100001001000000000001000000000010001000000
0000000100001001000000000001000000000010001000000
0000000100001001000010000001000000000010001000000
0000000100001001000010000001000000000010001000000
0000000100001001000010000001000000000010001000000
0000000100001001000010000001000000000010001000000
0000000100000001000010000001000000000010001000000
0001000100000001000010000001000000000000001000000
0001001100000001000000000001000000000000000000000
0001001100000001000000000001000000000000000000000
0001001100000000000000000001000000100000000000000
0001001100000000000000000000000000100000000000000
0001001100000000000000000000000000100000000000000
0001001100000000000100000000000100100000000000000
0001001100000000000100000000000100100000000000000
0001001100000000000100000000000100100000000000000
0001001100000000000100000000000100100000000000000
0000001100000000000100000000000110100000000000000
0000001100000000000100000000000110100000000000000
0001001100000000000100000000000110100000000000000
0001001100000010000100000000000110100000000000000
0001001000000010000100000000000110100000000000000
0001001000000010000100000000000110100000000000000
0001001000000010000100000000000110000000000000000
0001001000000010000100000000000110000000000000000
0001001000000010000100000000000110000000000000000
0001001000000010000100000000000110000000000000000
0001001000000010000000000000000010000000000000000
0001001000000010000000000000000010000000000000000
0001001000000010000010000000000010000000000000000
0001001000000010000010000000000010000000000000000
0001001000000010000010000000000010000000000000000
0001000000000010000010000000000000000000000000000
0001000000000010000010000000000000000000000000000
0001000000000010000010000000000000000000000000000
0001000000000010000010000000000000000000000000000
0001000000000000000010000000000000000000000000000
0001000000000000000010000000000000000000000000000
0001000000000000000010000000000000000000000000000
0001000000000000000010000000000000000000000000000
0001000000000000000010000000000000000000000000000
0001000000000000000010000000000000000000000000000
0000000000000000000000000000000000000000000000000
00000000000000000000000000000000000000000000000000
00000000000000000000000000000000000000000000000000
00000000000000000000000000000000000000000000000000
00000000000000000000000000000000000000000000000000
00000000000000000000000000000000000000000000000001
00000000000000000000000000000000000000000000000000
00000000000000000000000000000000000000000000000000
00000000000000000000000000000000000000000000000000
00000000000000000000000000000000000000000000000000
00000000000000000000000000000000000000000001111110
00000000000000000000000000000000000000000000000000
00000000000000000000000000000000000000000000000000
00000000000000000011111110000000000000000000000000
00000000000000000000000000000000000000000000000000
00000000000000000000000000000000000000000111000000
11110000000000000000000000000000000000000000000000
00000000000000000000011111111111111111111111100000
10000000000000000000000000000000000000000011111111
00000000000000000000000000000000000000000000000000
00111111111111111111100000000000000000000000000000
00000000000000000000000000000000000000000000000000
00000000000000000000000000000000000000000000000000
00000000000000000000000000000000000000000000000000
11000000000000000000000000000000000000000000000000
00000000011111111100000000000000000000000000000000
10000000000000000000001111111111111110000000000000
00000000000000000000000000000000000000000000000000
00000000000000000000000000000000000000000000000000
00000000000000000000000000000000000000000000000000
00000000000000000000000000000000000011111111111000
00000000000000000000000000000000000000000000000000
00000000000000000000000000000000000000000000000000
00000000000000000000000000000000000000000000000000
00000000000000000000000000000000000000000000000000
00000000000000000011111111111111111111111110000011
00000000000000000000000000000000000000000000000000
00000000000000000000000000000000000000000000000000
00000000000000000000000000000000000000000000000000
00000000000000000000000000000000000000000000000000
00000000000000000000000000000000000000000000000000
11111111100000000000000000000000000000000000000000
00000000000000000111111111111111111100000000000000
00000000011111110000000000000000000000000000000000
00000000000000000000000000000000000000000000000000
00000000000000000000000000000000000000000000000000
00000000000000000000000000000000000011111100000000
00000000000000000000000000000000000000000000000000
00000000000000000000000000000000000000000000000000
00000000000000000000000000000000000000000000000000
1356 2239 385 1478 207 1803 519 1679 617 1291 872 1937 1068 2393 2214 2015 705 786 942 306 1318 788 2051 832 644 333 2103 819 1981 49 636 1844 1959 2403 1473 1133 1689 2011 2096 155 2267 750 1846 1065 2024 420 1423 18 2340 773
1516 1504 2417 2492 450 62 527 624 626 25 998 1267 1557 2252 2370 895 1704 2348 716 959 1475 648 1544 398 1048 1113 2359 1611 1521 667 915 2078 809 2269 1733 1494 1163 1946 113 1382 2 2200 905 138 2424 1411 1947 2056 451 167
1151 722 2146 462 250 2335 627 2074 2367 1554 1776 991 936 2185 2467 1320 1147 1739 1164 1742 682 1097 409 179 124 1434 640 581 373 236 1273 1114 399 194 1180 1791 327 2154 1086 1049 248 765 2433 2059 1828 1868 339 104 1745 1451
525 1634 2207 1568 1137 1054 1349 743 597 906 693 1001 2217 1032 759 1524 2303 2464 1387 1261 150 1381 1139 1885 1871 2017 338 760 1383 1900 841 1490 246 2496 1400 1419 111 1390 1535 1852 916 2184 1723 650 1492 2075 603 1428 553 657
979 2278 1080 2351 1523 1461 2069 2147 1551 2366 508 445 560 2020 390 1460 665 1552 2132 2281 545 2284 187 502 897 1231 2234 753 19 144 1536 287 2161 2168 1444 2025 275 2104 2383 1396 364 1427 1464 1253 775 1525 168 1729 740 504
1527 1235 2363 369 2061 206 1439 1654 98 659 777 1660 1259 787 1835 1904 1096 1575 1363 1671 689 1033 1103 1975 1073 1140 742 212 515 1582 1480 1106 563 222 792 1354 2101 193 1336 311 2389 2209 153 235 400 87 460 1417 994 1522
1372 2451 876 1366 2006 1642 1389 1748 1452 761 220 1581 794 64 824 875 1091 1028 584 1325 481 367 457 1282 397 892 1973 922 2360 544 166 2196 1593 2485 2353 106 600 1297 568 803 458 1353 501 395 149 322 647 99 305 858
1893 165 1721 2071 488 1596 884 2497 1493 968 241 1299 1153 1138 914 974 442 972 1167 490 1243 798 1987 406 2156 1592 1150 45 417 358 1376 2010 1698 781 1124 1519 1641 376 252 2224 2420 36 1954 2455 2373 1610 1497 637 2279 142
210 2395 1603 496 1476 1317 1391 1645 639 2371 2186 888 1173 2310 1636 1978 1995 953 308 2028 1877 1022 514 1992 2035 910 1263 2228 54 856 2482 784 156 469 270 2157 70 1327 461 1734 204 2413 643 1215 623 1830 2301 2378 1827 1858
2379 2094 208 297 940 2339 1342 1629 1413 1034 2116 1301 347 512 2243 1649 607 522 1580 1171 1624 1289 866 1825 2240 558 2253 1066 982 1021 818 2261 2500 586 1602 2177 736 1316 2324 1681 196 1204 1393 1438 797 1879 2474 1071 1176 1169
1465 292 1548 1587 958 2235 2167 1929 999 37 1092 2407 655 1290 1200 2257 1714 1971 1222 2012 619 552 757 1837 219 954 861 1485 1563 304 209 1002 2124 1041 2283 2097 1732 1811 284 1459 1157 1436 649 2434 331 1643 1440 2384 2326 1401
997 534 776 2441 1265 1442 454 779 1532 357 491 1246 1882 2294 614 1867 1755 1983 334 170 539 956 2203 244 1860 268 2208 1305 1699 1042 962 2445 1047 2232 533 1182 271 2250 1927 81 354 1884 1060 1500 551 2402 1750 2416 691 901
555 2036 391 638 658 524 1323 1168 483 2286 2466 415 232 1948 2000 1695 1558 1754 2202 1722 1963 698 1362 145 315 1999 1647 20 2408 751 2486 510 536 967 1601 237 2150 1684 1862 1766 1467 2039 1152 1450 1174 1183 1969 439 349 314
467 90 1650 1932 272 1128 1657 184 2400 1798 2110 1433 521 1873 1749 52 1585 569 1202 407 1075 2037 380 1081 1898 2282 889 2029 766 251 2164 405 857 990 1302 1095 1471 1914 1154 1972 2055 1555 1191 171 1144 2127 791 34 1890 1965
2478 471 855 2175 1797 685 1236 151 1415 2054 1219 1806 837 605 1030 2309 1108 2195 1883 485 2095 1026 2068 453 95 335 2318 2137 612 1913 2386 2058 1556 1934 126 61 932 69 1782 1857 1690 493 2136 1264 980 1295 31 133 1187 2263
583 1794 16 709 280 295 2220 2242 950 1136 242 1763 2419 2223 231 129 39 1346 329 332 2152 1757 1208 1785 2030 801 1341 2272 1262 2007 526 726 1869 1292 1196 1456 615 724 1773 487 996 1064 1553 587 411 1905 414 2166 213 2086
160 2019 1470 351 1394 680 567 1462 789 110 403 1076 1446 1409 849 688 464 2477 1120 362 1099 1194 629 2237 1079 1617 863 1479 1340 2251 1249 1665 1661 352 66 1242 1241 2151 838 1426 1728 1350 2361 771 1115 1538 1244 668 2431 1979
927 2144 975 14 199 1751 2112 548 247 686 1826 1165 1486 2079 489 26 379 995 2138 674 1105 1429 1788 881 1483 805 1300 1053 1132 1487 1338 2219 345 1848 1011 1561 1571 846 1632 2499 1865 1775 46 1566 2343 1256 1685 1248 561 1121
463 24 1126 1589 1199 119 1286 2491 1715 2115 871 17 1201 827 323 1275 299 1207 1833 478 477 1526 114 2331 1597 1234 1605 1321 1874 1529 50 1567 2355 1918 1250 687 1119 2118 1655 1922 1437 1842 2046 313 444 1280 2089 2221 977 359
984 879 253 2222 192 675 2322 1709 2354 1134 1843 2194 494 1957 1276 813 2440 1590 1780 2421 1477 1043 174 94 2080 1298 730 1616 946 1257 1406 800 1203 1737 470 1024 1408 1692 718 1606 1863 128 1703 497 1360 616 245 229 2241 747
2427 1110 1337 579 571 1880 1270 641 1727 749 2268 434 2073 1627 1232 1087 476 2349 1752 310 673 978 1210 1488 228 223 227 1872 22 1705 1762 393 549 992 920 1195 2174 1368 1213 2457 2456 172 1952 903 224 2128 1422 2276 1622 2381
42 1148 134 1799 1620 1127 2488 2409 1266 931 1628 2183 735 2149 1618 1549 2300 2001 768 937 700 2106 2323 1501 1328 564 2287 262 173 528 1123 973 1770 912 1625 1840 2229 2256 1982 2494 839 850 1502 360 1313 1016 1046 729 2338 2111
653 1020 900 1102 2135 825 1731 2180 159 971 394 2045 63 258 67 836 2140 363 1443 678 1197 1083 1192 941 371 1378 1218 5 2396 1457 448 769 911 2085 1976 1361 580 2307 2480 103 826 770 47 1402 844 1706 88 2119 2122 2394
2084 1010 542 468 2352 2090 874 774 234 2350 1145 2170 2404 1950 1221 816 2198 425 696 1942 1686 180 2121 1771 2382 2169 2470 883 2489 2271 831 1716 752 2139 550 834 2236 1543 2430 2285 1031 1724 2171 1496 961 2388 1943 565 1542 1804
830 1569 121 2067 2376 887 873 288 2023 1909 1850 423 1746 2211 2130 1166 294 1454 1813 1741 918 226 2038 538 2033 715 1809 459 983 1129 1220 2321 1970 178 2319 1926 896 2336 2397 2193 82 1861 1508 440 1989 557 140 1945 669 1405
233 419 591 848 1061 436 429 85 1941 1228 127 2158 738 1720 2390 1911 157 1397 197 1609 2406 2044 1836 1772 1227 1482 218 2462 1424 917 511 1285 1023 692 1810 1696 2018 2189 1534 230 2172 1364 1185 1057 1997 1789 480 1958 1533 386
158 1743 2398 1591 107 1759 1849 2297 1374 265 2364 1588 578 1793 1130 923 1988 822 1240 606 2453 1013 205 1416 430 762 1998 1495 1576 1994 672 1078 1367 945 2225 1814 1370 2013 847 2475 754 321 1902 807 282 2292 793 2313 1896 1683
198 1058 1051 1560 1093 1513 1824 1359 418 1986 1666 336 1875 885 122 2452 2270 1254 1315 378 361 1432 309 646 662 933 1985 101 1343 1800 1856 924 1615 1912 301 541 137 1718 2487 1889 500 1940 1101 2100 695 2042 930 602 642 2490
1445 631 1839 1510 1792 279 2411 593 1007 83 677 116 1990 1355 1895 112 1517 1687 2227 1104 2265 1841 1371 78 1831 1908 1820 815 1505 1993 1639 1854 1088 852 215 131 40 1635 1146 820 585 823 708 1855 540 1915 1955 356 2341 596
79 1572 2337 2443 986 1509 1070 80 2162 163 71 1713 1930 1630 1881 293 6 1878 1284 1658 255 611 796 1847 2215 12 426 484 601 2412 2479 35 447 741 2173 1674 1156 2179 810 890 1025 1155 89 1584 2295 970 2333 1646 2004 53
1067 2212 365 263 966 656 1859 2245 175 383 893 1334 1758 908 904 1463 1612 960 259 952 727 76 1520 1996 523 748 221 438 1761 1268 734 402 2107 2255 1072 2206 1000 2050 21 162 1917 381 1919 868 1186 2459 1272 1677 1977 1373
2369 1541 59 929 1668 2372 2356 1331 2109 2414 141 530 1225 1125 2328 1916 588 1211 1392 594 77 143 1968 2344 27 630 1644 717 1018 948 1358 2425 130 1693 1740 290 1577 1304 1212 1962 1017 833 161 620 1278 1697 1700 274 2153 2120
2088 186 2463 1223 2093 1388 1779 1651 2087 1251 1258 1193 2387 1198 1637 1802 2099 1907 428 499 2357 486 412 854 1594 1116 432 2334 372 949 725 1491 2442 860 570 1379 1531 296 582 2105 1404 1853 577 240 2123 1293 1418 2191 2365 817
1711 772 1178 2385 191 452 1303 1892 518 2248 886 559 2298 2031 2163 1540 1085 1357 2133 1050 566 2216 1866 370 2188 955 2280 2296 2165 1190 2293 1319 302 105 1112 2053 1074 285 1345 531 1044 2091 2423 344 2458 882 1407 2244 1991 320
604 243 1160 1348 1455 2277 1670 117 1503 1309 1887 1333 2142 92 4 814 1040 1564 1678 506 2332 341 2418 416 283 1004 1964 1109 1344 195 1784 254 286 2247 139 368 1730 1565 1662 2465 1247 1805 2446 666 2231 1598 1403 1781 1412 1928
43 1834 281 537 1545 2204 2375 2205 957 2249 1441 2304 269 976 547 326 1936 1245 1796 1365 1385 780 214 731 1142 1395 60 324 2347 298 1961 1149 1375 1084 1135 1944 1179 2329 1790 1008 1769 2493 988 256 877 1474 2032 176 424 1640
576 342 58 1753 446 2129 2041 1283 2005 1710 9 891 2021 109 318 703 1653 713 1330 1287 811 303 1701 851 790 2481 13 2483 1014 723 125 1170 2291 100 1669 10 1815 1117 1238 2159 1098 375 1621 744 1294 1189 1181 1747 1059 1489
1322 1935 1162 671 2380 1586 29 1453 249 1614 513 925 714 343 466 1663 1735 2461 1326 938 2262 1311 276 1056 1188 554 1574 350 1901 919 1511 108 2210 2302 1648 546 1094 1466 1498 1876 835 1864 842 2160 2327 1838 1027 1767 651 1237
2484 217 572 701 261 1537 1570 2254 1380 635 2289 2428 443 634 1335 1613 706 1821 1656 1822 1680 1141 1306 878 1631 943 2476 115 23 1688 746 613 189 745 728 1966 1595 1332 2392 1659 2429 2410 622 1960 2082 72 1217 2358 102 2436
277 1414 11 1277 2311 2432 147 1736 316 1507 934 1369 2145 120 595 55 257 30 1949 1159 783 720 1906 2009 880 382 2444 32 1161 1717 1512 1817 1691 1760 694 355 2238 118 1808 353 2048 2043 898 495 2098 1214 894 1206 1939 97
2143 1707 1029 1547 2034 1974 1832 1626 2448 2126 456 737 2187 1410 396 1530 1045 556 1448 200 1005 2155 663 1891 1984 1938 628 1172 1559 1090 2072 319 1514 1006 2125 181 57 1638 1039 465 590 1226 201 435 2468 482 1967 148 388 33
449 503 739 1702 15 455 1260 2315 1607 1271 1209 1953 864 2305 704 574 1082 2368 374 56 1077 913 2405 317 7 1845 632 48 1329 2260 1546 633 1310 2246 1177 182 1037 410 1158 2447 1623 702 755 676 1903 1608 86 2299 2259 2266
1111 1003 1233 1795 264 806 1052 93 2141 472 799 909 707 865 2077 346 96 710 8 2308 1777 1469 1281 1307 1694 853 266 2064 211 1224 1923 188 767 492 2288 1481 2148 2422 509 278 1870 238 91 1925 1038 1667 1783 1089 1931 964
505 2274 1888 291 1675 74 1012 84 437 183 589 2460 697 123 2026 75 1100 2438 44 2022 670 2181 2498 1269 2003 239 1920 987 2213 2070 2218 1708 2426 1956 599 1062 2190 795 1539 2230 2314 804 1175 51 2192 592 1019 422 1279 1682
1672 907 1296 392 944 2178 843 2454 1562 2049 1980 431 902 1812 1619 1447 928 1778 312 169 1726 1933 517 862 2258 387 869 427 1712 2374 921 625 939 2399 132 433 2108 535 1107 1036 1951 1786 2016 136 2062 2008 661 575 1633 2362
621 609 2471 2182 2437 38 562 1579 1518 135 618 756 2066 733 1899 2449 203 2027 2076 1886 401 2391 1069 2199 840 1829 152 1184 330 1921 1787 1725 41 598 711 1055 1435 2469 408 1823 610 2435 2472 225 1352 1738 28 1910 216 2002
2117 778 782 1314 1599 404 2197 699 2040 2401 68 758 645 870 1377 785 2439 507 475 993 1897 1274 683 573 1386 177 1009 1288 1458 273 1600 2047 73 812 185 1351 681 1573 1894 1 474 1506 1421 867 935 2450 845 2113 821 1230
2131 763 1578 2014 473 654 2102 721 1122 802 328 2060 1765 520 981 859 2330 2226 1205 1774 146 1819 340 389 1449 608 1818 1229 2320 1425 1807 1063 1239 2346 1255 732 1801 1652 202 1744 307 2052 1131 2306 421 154 1312 1143 1816 712
965 2057 1118 1673 325 808 2264 1664 2345 377 1719 300 2415 1420 1468 441 2114 1324 926 1252 1768 985 690 989 498 684 969 2473 664 543 1339 1472 532 65 2201 2377 516 1399 764 1308 267 2176 829 337 947 413 1515 951 679 2325
2065 384 3 2063 190 1430 366 2316 652 1851 529 719 164 899 1676 1015 1216 2312 2083 2290 2342 1583 2273 1384 1398 1431 1035 2317 1550 1756 1924 1528 289 2275 1347 2092 2081 1764 348 260 660 1484 1604 2495 1499 479 2134 2233 828 963
